D	S	A1	A10	A11	A12	A14	A15	A16	A17	A19	A22	A23	A24	A25	A26	A28	A29	A3	A30	A31	A32	A33	A35	A37	A4	A40	A42	A43	A44	A45	A46	A49	A5	A52	A53	A54	A55	A56	A57	A61	A62	A64	A65	A66	A67	A68	A69	A7	A72	A73	A75	A76	A78	A79	A8	A81	A82	A83	A84	A86	A9	A91	A92
Bacteria	Phocaeicola vulgatus	0.112359551	0.01436196	0.000464715	0.148611867	0.001996008	0.065868263	0.179810726	0.012224939	0	0	0.506302521	0.10708402	0.114450867	0.085778781	0.017951746	0.102272727	0.049222798	0.022836707	0.174836601	0.155356381	0.062099401	0.007833787	0.205357143	0.178571429	0.053191489	0.444915254	0.013227513	0	0.011958978	0.094117647	0	0.002928258	0.014492754	0.028301887	0.152838428	0.166340509	0.207578254	0.188099808	0.028571429	0.317991632	0.032786885	0.001855288	0.000551542	0.471228616	0.134764902	0.167597765	0.156827668	0.039676708	0.001447178	0.012889366	0.039473684	0.01509434	0.075144509	0.025547445	0.034375	0	0.017759316	0	0.123908297	0	0.006302943	0.061762164
Bacteria	Bacteroides fragilis	0.014981273	0.029209122	6.64E-05	0.00450339	0.123752495	0.011976048	0.003943218	0.002444988	0.00407332	0	0.009803922	0.041186161	0	0.030097818	0.00747427	0.072727273	0	0.170075026	0.009803922	0.043107128	0.029946412	0.027247956	0.005952381	0.107142857	0.015957447	0.005649718	0	0	0.00236638	0.129411765	0	0.002562225	0	0	0.002183406	0.046966732	0.060955519	0.028790787	0.033928571	0.019874477	0.008196721	0.00742115	0	0.01244168	0.031840059	0.017318436	0.004770423	0.007347539	0	0.019334049	0.006578947	0	0.005780347	0.01459854	0	0	0.01571248	0.103225806	0.006459243	0	0.669818138	0.000994136
Bacteria	Klebsiella pneumoniae	0.029962547	0.00368753	0.000132776	0.003909536	0.035928144	0	0.007886435	0.051344743	0.014256619	0.081632653	0.011904762	0.007413509	0.005780347	0.015048909	0.000430235	0.043181818	0.03626943	0.000209961	0.039215686	0.007682458	0.001681202	0.010217984	0.017857143	0.047619048	0.013297872	0.004237288	0.034391534	0.036363636	0.000202636	0.052941176	0.036750484	0.102489019	0.050724638	0.08490566	0	0.01369863	0.001647446	0.02303263	0.008928571	0	0	0.016697588	0.000606696	0.01088647	0.006664198	0.015083799	0.013118664	0.0095518	0.033285094	0.018259936	0.026315789	0.022641509	0.034682081	0.040145985	0	0.021052632	0.002468244	0.058064516	0.001637555	0.005939525	0.000361315	0.000248534
Bacteria	Parvimonas micra	0	9.70E-05	6.64E-05	4.95E-05	0.001996008	0	0	0	0	0	0	0	0	0	0.000396491	0	0	4.20E-05	0	0	0.000105075	0	0	0	0	0	0	0.006060606	0.163781675	0	0	0	0	0	0.003275109	0.001956947	0	0	0	0	0	0	0	0	0.004813032	0	0	0.001469508	0	0	0.013157895	0	0	0	0	0.005263158	0.006862922	0	9.10E-05	0	2.01E-05	0.000546197
Bacteria	Collinsella aerofaciens	0.011235955	0.000194081	0	0.033701193	0	0	0.003943218	0.02200489	0.00203666	0	0.014705882	0.000823723	0.034104046	0	0.030825038	0.004545455	0	0.027364855	0	0.002560819	0	0.010217984	0.008928571	0	0.026595745	0.000706215	0	0	1.72E-05	0	0.001934236	0.023792094	0	0	0.003275109	0.007827789	0.004942339	0.003838772	0.014285714	0.012552301	0	0	0	0	0.021473528	0.000558659	0.026237329	0	0	0.032223416	0	0.033962264	0.020231214	0	0	0	0.003852869	0	0.027201601	0	2.01E-05	0.031576833
Bacteria	Fusobacterium nucleatum	0.007490637	0.000194081	0	4.95E-05	0	0	0	0	0	0	0	0	0	0.000752445	0.000303695	0	0	4.90E-05	0	0	0	0.001021798	0	0	0	0.002118644	0	0	0.079715073	0	0.000483559	0	0.007246377	0	0	0.003913894	0.001647446	0.001919386	0	0	0	0.005565863	0	0	0.000740466	0	0.003577818	0.000734754	0.002894356	0.001074114	0	0	0	0	0	0	0.000120402	0	0.000181951	0.001079914	0.000100365	1.16E-05
Bacteria	Fusobacterium varium	0	0	0.000896236	4.95E-05	0.033932136	0	0	0	0	0	0	0	0	0.000752445	3.37E-05	0	0	7.00E-06	0	0	0.000105075	0	0	0.05952381	0.010638298	0.109463277	0	0	0.000130512	0	0	0	0	0	0	0.076320939	0.18616145	0.147792706	0	0	0	0	0	0	0	0	0	0	0	0	0	0	0	0	0	0	0	0.212903226	0	0.001079914	0.000341242	0.004073358
Fungi	Zymoseptoria tritici	0	0	0	0	0	0	0.000788644	0.004889976	0	0	0	0	0	0	0	0	0	0	0.031045752	0	0.000630451	0	0	0	0	0	0	0	0	0	0	0	0	0	0	0	0	0	0	0	0	0	0	0	0	0	0	0	0	0	0	0	0	0	0	0	0	0	0	0	0	1.44E-06
Bacteria	Bifidobacterium longum	0	0.001067443	0	0.000148463	0	0	0	0.007334963	0	0	0	0.000823723	0.000578035	0.004514673	0.001535347	0.002272727	0	0.003275384	0	0.000426803	0.000105075	0.003405995	0	0	0	0	0	0	1.72E-05	0	0	0.001098097	0	0	0	0	0	0	0	0	0	0	0	0	0.01258793	0.000558659	0	0.013225569	0	0.001074114	0	0	0	0	0	0	0.015050268	0	0.000545852	0.004319654	0	0.002087975
Bacteria	Fusobacterium mortiferum	0.056179775	0.000194081	0	0.000247439	0	0	0.026025237	0	0	0	0	0	0	0.000752445	1.69E-05	0	0.033678756	0	0	0	0.00021015	0	0	0	0	0	0	0	0.000154553	0	0.003384913	0	0.036231884	0.103773585	0	0	0	0	0	0	0	0	0	0.166407465	0	0	0.054859869	0.013225569	0	0	0	0	0	0	0	0	0	0	0	0	0	2.89E-06
Bacteria	Bacteroides ovatus	0	0.012130034	0	0.00786856	0	0	0.033123028	0	0	0	0.004901961	0.000823723	0.006936416	0.0082769	0.000430235	0.002272727	0	0.001182778	0.014705882	0.006828852	0.001155826	0.011580381	0	0	0	0	0.007936508	0.012121212	0.004021816	0.005882353	0	0	0	0	0.010917031	0.005870841	0.003294893	0.005758157	0	0.0041841	0.028688525	0	0	0.00155521	0.004072566	0.002234637	0.000596303	0.000734754	0	0.006444683	0	0	0.011560694	0.003649635	0	0	0.003431461	0	0.00345706	0.010259179	0.004817536	0.002796008
Bacteria	Fusobacterium ulcerans	0	0	0	0.000148463	0.001996008	0.05988024	0	0	0	0	0	0	0	0.064710309	0	0	0	2.10E-05	0	0	0.008616161	0	0.357142857	0	0	0.01200565	0.021164021	0	0.000971967	0	0	0	0	0	0.042576419	0.015655577	0.003294893	0.02303263	0	0	0	0	0	0.00311042	0	0	0	0	0	0.003222342	0	0	0	0	0.00625	0	0	0.025806452	0.000363901	0.030777538	2.01E-05	7.95E-05
Bacteria	Dorea longicatena	0.018726592	0.013391557	6.64E-05	0.021774633	0.001996008	0.005988024	0.005520505	0	0.00407332	0	0.00280112	0.014003295	0.029479769	0.015048909	0.047325797	0.006818182	0	0.012730607	0.004901961	0.004268032	0.011558264	0.029632153	0.005952381	0	0.005319149	0.032485876	0	0	0.000236981	0.005882353	0.002417795	0.022327965	0	0.018867925	0.013100437	0.001956947	0.001647446	0.003838772	0.017857143	0.007322176	0.036885246	0	0.000110308	0.0155521	0.010366531	0.012290503	0.004770423	0.0095518	0	0.006444683	0.019736842	0.01509434	0.014450867	0.010948905	0	0.010526316	0.001745831	0	0.036026201	0.004319654	0.000200731	0.012337116
Bacteria	Prevotella intermedia	0	0.000388161	0	0.000197951	0	0	0	0	0	0	0.00140056	0	0	0	0.000168719	0	0	0	0	0	0	0	0	0	0	0	0	0	0.016073526	0	0	0.000732064	0	0	0	0	0	0	0.001785714	0	0	0.001855288	0	0	0.000370233	0	0.000596303	0	0	0	0	0	0	0	0	0	0.000301005	0	0.000181951	0	0.000120438	8.67E-06
Bacteria	Cutibacterium acnes	0.003745318	0.001164483	0.000199164	9.90E-05	0.007984032	0.023952096	0.000788644	0.056234719	0.036659878	0	0.00070028	0.014003295	0.002312139	0.009029345	5.91E-05	0.006818182	0.020725389	0.000384928	0.003267974	0.000853606	0.007250184	0.015667575	0	0	0.125	0.001412429	0.023809524	0.048484848	6.87E-06	0.011764706	0.005802708	0.011346999	0.02173913	0	0	0.003913894	0.003294893	0.021113244	0.0125	0.026150628	0	0.033395176	0.001434008	0	0.000370233	0.002234637	0.001788909	0.008082292	0.02170767	0.004296455	0.006578947	0	0.020231214	0.018248175	0.003125	0.013157895	0.001023418	0.025806452	0.000181951	0.001079914	8.03E-05	3.90E-05
Bacteria	Erysipelatoclostridium ramosum	0	0	0.001194981	0.000346415	0.011976048	0.005988024	0.000788644	0	0	0	0	0	0.000578035	0	0.000413363	0	0.005181347	0.000475911	0.024509804	0.001707213	0.025638331	0.000340599	0	0	0	0.027542373	0.015873016	0	2.75E-05	0.005882353	0	0	0	0	0	0.001956947	0.003294893	0.005758157	0.001785714	0	0	0	0	0.024883359	0.000740466	0.000558659	0.003577818	0.018368846	0	0	0	0	0.002890173	0.00729927	0.009375	0.005263158	0.000180603	0	0.018558952	0.072894168	2.01E-05	0.000138717
Bacteria	Parabacteroides goldsteinii	0	0.000873362	0	0.002226951	0	0	0	0	0	0	0.00140056	0	0	0.000752445	8.44E-05	0.002272727	0	0.006501778	0	0	0	0.001021798	0	0	0	0	0	0	0.000460225	0	0	0.000732064	0	0	0.001091703	0	0.003294893	0	0.001785714	0	0	0	0	0	0.000370233	0	0.002385212	0.003673769	0	0	0.019736842	0	0	0	0	0	0.002468244	0	0.000909753	0	2.01E-05	0.000108372
Bacteria	Bacteroides xylanisolvens	0	0.005531295	0.000531103	0.00450339	0	0	0.009463722	0	0	0	0.009103641	0.004118616	0.010982659	0.003762227	0.00048085	0	0.002590674	0.004472159	0.009803922	0.031156637	0.001155826	0.009536785	0	0	0	0.002118644	0.002645503	0	0.002359511	0	0	0	0	0	0.010917031	0.001956947	0.001647446	0	0.001785714	0.008368201	0	0	0	0.00155521	0.002961866	0.001117318	0.016100179	0.000734754	0	0.004296455	0	0	0	0.00729927	0	0	0.002408043	0	0.002911208	0.032937365	0.002328476	0.008957342
Bacteria	Enterococcus faecalis	0	9.70E-05	6.64E-05	4.95E-05	0	0	0	0	0	0	0	0	0	0	0	0	0	3.50E-05	0	0	0.000105075	0.000340599	0	0	0	0	0.002645503	0	1.03E-05	0	0	0	0	0	0	0	0	0	0.003571429	0	0	0	0	0	0	0	0	0	0	0	0	0	0	0	0	0.005263158	0.000180603	0	0	0	4.01E-05	0.000160391
Bacteria	Capnocytophaga sputigena	0	9.70E-05	0	4.95E-05	0	0	0	0	0	0	0	0	0	0	0	0	0	1.40E-05	0	0	0	0	0	0	0	0	0	0	3.43E-06	0	0	0	0	0	0	0	0	0	0	0	0	0	0	0	0	0	0	0	0	0	0	0	0	0	0	0	0	0	0	0	0	5.78E-06
Bacteria	Paracoccus pantotrophus	0	0.000679282	0.00016597	0.000346415	0.00998004	0	0.000788644	0.009779951	0.010183299	0.016326531	0.00210084	0.013179572	0.003468208	0.013544018	7.59E-05	0.002272727	0.007772021	0.000139974	0.001633987	0.003414426	0.002101503	0.001702997	0.00297619	0.047619048	0.031914894	0.001412429	0.034391534	0.024242424	3.43E-06	0.017647059	0.014023211	0.011713031	0.039855072	0.018867925	0.003275109	0.001956947	0.003294893	0.005758157	0.039285714	0	0.008196721	0.050092764	0.000496387	0.00466563	0.001480933	0.002793296	0.001192606	0.005143277	0.031837916	0.008592911	0.006578947	0.052830189	0.005780347	0.003649635	0	0.021052632	0.000301005	0	9.10E-05	0.000539957	0.000180658	5.78E-06
Bacteria	Pseudomonas aeruginosa	0	0.001940805	0.000199164	9.90E-05	0.007984032	0	0	0.024449878	0.016293279	0.024489796	0	0.019769357	0.002890173	0.012791573	0	0.002272727	0.020725389	6.30E-05	0	0	0.003047179	0.001362398	0	0.023809524	0	0.000706215	0.063492063	0.054545455	0.000147684	0.011764706	0.017891683	0.004758419	0.036231884	0	0.004366812	0.035225049	0.034596376	0	0.025	0.00209205	0	0.038961039	0.000386079	0	0	0.002793296	0	0.006612785	0.018813314	0.004296455	0.013157895	0.011320755	0	0	0	0.007894737	0.000842815	0	0	0	0.000200731	2.02E-05
Bacteria	Gemella morbillorum	0	0	0	0	0	0	0	0	0	0	0	0	0.000578035	0	0	0	0	0.002316564	0	0	0	0	0	0	0	0	0	0	0.026370199	0	0.000483559	0	0	0	0.002183406	0	0	0	0	0	0	0	0	0	0	0	0.001192606	0	0	0	0	0	0	0	0	0	6.02E-05	0	0.000181951	0	0.001846722	1.73E-05
Bacteria	Streptococcus sanguinis	0.011235955	9.70E-05	9.96E-05	0	0	0	0.000788644	0.002444988	0.00203666	0	0.00210084	0	0	0	2.53E-05	0.009090909	0	2.80E-05	0	0.002134016	0.000315225	0	0	0	0	0	0	0	0.001809989	0	0	0.001098097	0	0	0.002183406	0	0	0	0	0.00209205	0	0.016697588	0	0	0	0	0.00417412	0.005143277	0	0	0	0	0	0	0	0	6.02E-05	0	0	0	0	8.53E-05
Bacteria	Streptococcus oralis	0.011235955	0.000291121	0	9.90E-05	0.003992016	0	0	0.002444988	0.00407332	0	0.00280112	0	0.001156069	0	0.000134976	0	0	9.10E-05	0	0.000426803	0	0.002043597	0	0	0	0	0	0	0.000333148	0	0.000483559	0.000732064	0	0	0.030567686	0.001956947	0.001647446	0.009596929	0	0.003138075	0	0	5.52E-05	0	0.003702332	0.001675978	0	0.021307862	0	0.007518797	0	0	0	0	0	0	6.02E-05	0	0	0	0	7.22E-05
Bacteria	Bifidobacterium pseudocatenulatum	0	0.000485201	0	9.90E-05	0	0	0	0	0	0	0	0.000823723	0	0	0.000582082	0	0	2.80E-05	0	0	0	0.004768392	0	0	0	0.000706215	0	0	0.000419011	0	0	0.000366032	0	0	0	0	0	0	0	0	0	0	0	0	0.011106997	0	0	0	0	0	0	0	0	0	0	0	0.002167239	0	0	0	0	0.000492733
Bacteria	Bacteroides salyersiae	0	0.011062591	0	0.019894096	0.001996008	0	0.017350158	0	0	0	0	0	0.001156069	0	0.000227771	0.011363636	0.002590674	0.000888833	0	0.000426803	0.00021015	0	0	0	0	0	0	0	0.0388787	0	0	0	0	0	0	0.001956947	0	0	0	0	0	0	0	0	0.002221399	0.01452514	0	0.000734754	0	0	0	0	0	0	0	0	0.000722413	0	0.009370451	0	0.000541973	0.003970765
Bacteria	Fusobacterium pseudoperiodonticum	0.037453184	0	0	0.000791805	0	0	0.000788644	0	0.00407332	0	0.00070028	0	0	0	8.44E-06	0.004545455	0	4.20E-05	0	0.000426803	0	0	0	0	0	0	0	0	0.188331582	0	0.000483559	0	0	0	0.001091703	0.001956947	0	0	0	0	0.004098361	0.003710575	0	0.00155521	0.0011107	0	0.002981515	0.002204262	0	0	0	0	0	0	0.003125	0	0	0	0	0	0	2.89E-06
Bacteria	Alistipes onderdonkii	0	0.005337215	0.000132776	0.003266195	0	0	0.004731861	0	0	0	0	0.000823723	0	0.001504891	0.000202463	0.002272727	0	0.001749671	0	0.000426803	0.001681202	0	0	0	0	0	0	0	0.000202636	0.005882353	0	0	0	0	0	0.003913894	0.001647446	0	0	0	0	0	0	0	0.011477231	0.132960894	0	0.011756062	0.001447178	0.001074114	0	0.003773585	0	0.003649635	0	0	0.062609114	0	0.004002911	0	0.000180658	0.000122822
Bacteria	Eggerthella lenta	0	0.001746725	0.000663878	0.000494878	0.005988024	0	0.000788644	0	0	0	0.00210084	0.003294893	0.000578035	0.002257336	0.000877341	0.002272727	0	0.017664679	0.003267974	0.005975245	0.008721236	0	0	0	0.005319149	0.000706215	0	0	0.001645132	0	0	0.008052709	0	0	0.005458515	0	0	0	0.001785714	0	0	0	0.000165462	0	0.001480933	0.005586592	0	0.002939015	0	0.03329753	0	0	0	0.003649635	0	0	0.021732587	0	0.003002183	0.002699784	4.01E-05	0.011468692
Bacteria	Streptococcus pasteurianus	0	0	0	0.000346415	0	0	0	0	0	0	0	0	0	0	0	0	0	4.90E-05	0	0	0	0	0	0	0	0	0	0	0	0	0	0	0	0	0	0	0	0	0	0	0	0	0	0	0	0	0	0	0	0	0	0	0	0	0	0	0	0	0	0.000539957	0	3.18E-05
Bacteria	Akkermansia muciniphila	0	0.013488598	3.32E-05	0.000544366	0	0	0	0	0	0	0.00070028	0	0	0	0.000202463	0	0	0.028694605	0	0.000426803	0.000315225	0.001021798	0	0	0	0	0	0	0.000133946	0	0	0.001464129	0	0	0	0	0	0	0.021428571	0.001046025	0	0	0	0	0.005923732	0	0.000596303	0.004408523	0	0	0.019736842	0	0	0	0	0	0.000120402	0	9.10E-05	0	0.000702557	0.000528857
Bacteria	Flavonifractor plautii	0	0.002328967	0.000132776	0.001880536	0.001996008	0	0.000788644	0.002444988	0.00610998	0.012244898	0.00280112	0.000823723	0.001156069	0.000752445	0.011970643	0.002272727	0	0.017104784	0	0.011523688	0.000420301	0.001362398	0	0	0.002659574	0.004943503	0	0	0.022286562	0.017647059	0	0.000366032	0	0	0.001091703	0	0	0	0	0.001046025	0	0	0	0	0.005183265	0.005586592	0.010733453	0.004408523	0	0	0	0.003773585	0.002890173	0.00729927	0	0	0.00337126	0	0.008278748	0	2.01E-05	0.001325033
Bacteria	Acinetobacter baumannii	0.052434457	0.000679282	0.000132776	0.000148463	0.003992016	0	0	0.012224939	0	0.012244898	0	0	0	0.002257336	2.53E-05	0	0.023316062	7.70E-05	0	0	0.004518231	0.003405995	0.005952381	0	0.021276596	0.001412429	0	0.03030303	7.90E-05	0	0.004352031	0.002196193	0.010869565	0.018867925	0.005458515	0.007827789	0	0	0.003571429	0	0	0.011131725	0.000717004	0	0	0.003910615	0.000596303	0.004408523	0.039073806	0.024704619	0.032894737	0	0.026011561	0.025547445	0.0125	0.026315789	6.02E-05	0.019354839	0	0.008099352	0	8.67E-06
Viruses	Human betaherpesvirus 7	0	0	0	0	0	0.02994012	0.003943218	0.002444988	0	0	0	0.000823723	0	0.001504891	0	0	0	0	0	0	0	0	0	0	0	0	0	0.03030303	0	0.088235294	0.001450677	0	0.148550725	0.009433962	0	0.001956947	0.001647446	0	0	0	0.028688525	0	0	0	0.001480933	0	0.000596303	0	0.015918958	0	0	0	0	0	0.046875	0	0	0	0	0.003239741	0	0
Bacteria	[Clostridium] innocuum	0	0.000582242	0.001062205	0.001187707	0.001996008	0	0	0	0.030549898	0	0	0	0.001156069	0	0.00125696	0	0	0.005486968	0	0.000853606	0.002101503	0	0	0	0.013297872	0.007062147	0	0.006060606	0.000364058	0	0	0	0	0	0.003275109	0.001956947	0.004942339	0.007677543	0.001785714	0	0.004098361	0	0	0	0.002221399	0.001675978	0.006559332	0.005143277	0	0	0	0	0	0	0	0.005263158	0.002769249	0	0.009188501	0.049136069	4.01E-05	0.004538637
Bacteria	Ruthenibacterium lactatiformans	0.003745318	0.001358564	3.32E-05	0.001237195	0	0	0	0	0.00203666	0	0.00070028	0.001647446	0.004624277	0.003009782	0.003990214	0	0	0.057228241	0.003267974	0.006828852	0.000630451	0	0	0	0	0	0.007936508	0	0.000264458	0	0	0	0	0	0	0	0	0.003838772	0.003571429	0	0	0	0	0.00155521	0.000740466	0.010055866	0	0.000734754	0	0	0	0	0	0	0	0	0.01402685	0	0.001637555	0.000539957	8.03E-05	0.002012837
Bacteria	Halarcobacter bivalviorum	0	0.000485201	0.000232357	4.95E-05	0.001996008	0.011976048	0.001577287	0.004889976	0.00610998	0	0.003501401	0.00247117	0.001156069	0.002257336	8.44E-06	0.002272727	0.002590674	0	0.004901961	0	0	0	0.008928571	0.05952381	0.013297872	0.007062147	0	0	2.40E-05	0.011764706	0.002901354	0	0.007246377	0.009433962	0	0.011741683	0	0.003838772	0.003571429	0.001046025	0	0	5.52E-05	0.00311042	0	0.000558659	0.002385212	0.004408523	0.008683068	0.002148228	0.039473684	0.011320755	0	0.032846715	0.00625	0.002631579	6.02E-05	0	0	0.001079914	8.03E-05	7.22E-06
Bacteria	Blautia massiliensis	0	0.005434255	3.32E-05	0.016479438	0	0	0.02444795	0	0	0	0.009103641	0.008237232	0.005780347	0.006772009	0.006419774	0	0	0.006018868	0.004901961	0.001707213	0.003992855	0.007493188	0	0	0	0.001412429	0	0	0.000982271	0	0	0.001464129	0	0	0.003275109	0	0	0	0	0.003138075	0	0	0	0	0.006664198	0.001117318	0.007155635	0.011756062	0	0.003222342	0	0	0.002890173	0	0	0	0.004274276	0	0.032114265	0.009719222	0	0.003058992
Bacteria	Veillonella parvula	0.003745318	0	0	0.000197951	0	0	0	0.002444988	0	0	0	0	0.000578035	0	2.53E-05	0	0.056994819	0	0	0.004694836	0.000105075	0.015667575	0	0	0	0.004237288	0	0	4.12E-05	0	0.000483559	0	0.003623188	0	0.005458515	0	0.011532125	0.001919386	0	0	0	0.001855288	0.000165462	0	0	0	0.002981515	0.002204262	0	0.006444683	0	0.003773585	0	0	0.003125	0.015789474	0.000180603	0	0.002638282	0	0	1.01E-05
Bacteria	Phascolarctobacterium faecium	0	0.000194081	0.00016597	0	0	0	0.029179811	0	0	0	0.00280112	0.008237232	0	0.002257336	1.69E-05	0.009090909	0	4.20E-05	0	0.03158344	0	0.000681199	0.00297619	0	0.007978723	0	0.002645503	0	0.000109904	0	0	0.000732064	0	0	0.004366812	0.003913894	0.003294893	0	0	0	0	0	0	0	0.002591633	0.011731844	0	0.008817046	0.001447178	0.001074114	0.006578947	0.003773585	0.002890173	0	0	0	0.00674252	0	0.015283843	0.009179266	0.000200731	0.003534386
Bacteria	Diaphorobacter sp. MNS-0	0	0.000194081	0.000298745	9.90E-05	0.013972056	0	0	0.007334963	0.00407332	0	0	0.014827018	0	0.001504891	3.37E-05	0.002272727	0.018134715	8.40E-05	0	0	0.001891352	0.000340599	0	0.011904762	0.010638298	0.000706215	0.023809524	0.03030303	0	0	0.010638298	0.001464129	0.043478261	0	0	0	0.001647446	0	0.021428571	0	0	0.012987013	0	0	0	0.002234637	0	0	0.01447178	0.004296455	0.013157895	0.00754717	0.00867052	0	0	0.013157895	0.000240804	0	0	0.002699784	2.01E-05	4.33E-06
Bacteria	Bifidobacterium adolescentis	0	0.000194081	0	4.95E-05	0	0	0	0	0.00610998	0.008163265	0	0	0.000578035	0	3.37E-05	0	0	4.20E-05	0	0.000426803	0.000105075	0.002724796	0	0	0	0	0.002645503	0	6.87E-06	0	0	0.005856515	0	0	0	0	0	0	0	0	0	0	0	0	0.000370233	0.000558659	0	0	0	0	0	0	0	0	0	0	0.066221179	0	0	0	2.01E-05	1.44E-05
Bacteria	Streptococcus constellatus	0	0	0	0.000148463	0	0	0	0	0	0	0	0	0	0	0.000109668	0	0	4.90E-05	0	0	0	0	0	0	0	0	0	0	0.001614222	0	0	0	0	0	0	0	0	0	0	0	0	0	0	0	0	0	0	0	0	0	0	0	0	0	0	0	0	0	0	0	0	4.62E-05
Bacteria	Streptococcus anginosus	0.003745318	0.000194081	9.96E-05	0	0	0	0	0	0.00407332	0	0.00070028	0	0	0	0	0	0	2.10E-05	0	0	0.000420301	0	0	0	0	0	0	0	0.001459669	0.011764706	0	0	0	0	0	0.001956947	0	0	0.005357143	0	0	0	0	0	0.001851166	0	0.001788909	0	0	0.003222342	0	0	0	0.00729927	0	0.002631579	0	0.012903226	0	0	0	4.48E-05
Bacteria	Streptococcus gallolyticus	0	0	0	0	0	0	0	0	0	0	0	0	0	0	0	0	0	0	0.040849673	0	0	0	0	0	0	0	0	0	0	0.141176471	0	0	0	0	0.001091703	0	0	0	0	0	0	0	0	0	0	0	0	0	0	0	0	0	0	0	0	0	0	0	0	0	0	0
Bacteria	Streptococcus intermedius	0	0	0	4.95E-05	0	0	0	0	0	0	0	0	0.000578035	0	1.69E-05	0	0	3.50E-05	0	0.000426803	0	0	0	0	0	0	0	0	1.03E-05	0	0	0	0	0	0	0.001956947	0	0	0	0	0	0	0	0	0	0	0.000596303	0	0	0	0	0	0	0	0	0	0.001083619	0	0	0	4.01E-05	1.73E-05
Bacteria	Bifidobacterium bifidum	0	0	0	0	0	0	0	0	0.00203666	0	0	0	0.000578035	0	5.06E-05	0	0	0.000258951	0	0	0	0.008855586	0	0	0	0	0	0	2.75E-05	0	0	0.016471449	0	0	0	0.001956947	0	0	0	0.008368201	0	0	0	0	0.064050352	0	0	0	0	0	0	0	0	0	0	0	6.02E-05	0	9.10E-05	0.017278618	0	5.78E-06
Bacteria	Vescimonas coprocola	0	0.004657933	0	0.002721829	0	0	0	0	0	0	0.00280112	0.00247117	0.002312139	0	0.001729374	0	0	0.002638504	0	0.044387537	0.000525376	0	0	0	0	0	0	0	5.50E-05	0	0	0.002196193	0	0	0	0	0	0	0	0	0	0	0	0	0.002591633	0.012290503	0	0.006612785	0.002894356	0	0	0	0.005780347	0	0	0	0.020949973	0	0.000727802	0	0.000100365	0.004883984
Bacteria	Acidovorax sp. KKS102	0	0	0.000199164	9.90E-05	0.001996008	0	0	0	0.00610998	0.004081633	0	0.000823723	0	0	0	0	0.033678756	6.30E-05	0	0	0.000315225	0	0	0	0	0	0	0.012121212	0	0	0.000967118	0.001464129	0	0	0	0	0	0.005758157	0.007142857	0	0.004098361	0.001855288	0.000165462	0.00622084	0.0011107	0.003910615	0	0.005878031	0.002894356	0.003222342	0.006578947	0.018867925	0.031791908	0.01459854	0.06875	0	0.000240804	0	0	0.014038877	6.02E-05	1.16E-05
Bacteria	Acinetobacter johnsonii	0.003745318	9.70E-05	0.000630684	0.000346415	0.011976048	0	0	0.004889976	0.00610998	0.024489796	0	0.001647446	0.002312139	0.006772009	0.00012654	0.002272727	0.002590674	0.000188964	0.006535948	0	0.000420301	0.007493188	0	0	0.007978723	0.004237288	0.023809524	0.012121212	7.56E-05	0	0.00483559	0.003660322	0.007246377	0	0.004366812	0.001956947	0.004942339	0	0.001785714	0	0	0.001855288	5.52E-05	0.00777605	0	0.006145251	0	0.002204262	0.024602026	0.002148228	0	0	0.002890173	0.010948905	0	0.013157895	0.000120402	0	0	0.001079914	0	7.22E-06
Viruses	uncultured crAssphage	0	0	0	0	0	0	0	0	0	0	0	0	0.006936416	0	0	0	0	0.001133787	0	0	0	0	0	0	0	0.003531073	0	0	8.93E-05	0	0	0	0	0	0	0	0	0	0	0	0	0	0	0	0	0	0	0	0	0	0	0	0.002890173	0	0	0	0.01571248	0	0	0	0.000120438	0
Bacteria	Bifidobacterium breve	0	0	0	4.95E-05	0	0	0	0	0	0	0	0	0	0	1.69E-05	0	0	7.00E-06	0	0	0.000105075	0.004427793	0	0	0	0	0	0	0	0	0	0	0	0	0	0	0	0	0	0	0	0	0	0	0	0	0	0	0	0	0	0	0	0	0	0	0.000301005	0	0	0	0	0.00018929
Bacteria	Porphyromonas asaccharolytica	0	0	0	4.95E-05	0	0	0	0	0	0	0	0	0	0	8.44E-06	0	0	7.00E-06	0	0	0	0	0	0	0	0	0	0	4.46E-05	0	0	0	0	0	0	0	0	0	0	0	0	0	0	0	0	0	0	0	0	0	0	0	0	0	0	0	0	0	0	0	0	0
Bacteria	Campylobacter rectus	0	0	0	0	0	0	0	0	0	0	0	0	0	0	0	0	0	1.40E-05	0	0	0	0	0	0	0	0	0	0	0.004612552	0	0	0	0	0	0	0	0	0	0	0	0	0	0	0	0	0	0	0	0	0	0	0	0	0	0	0	0	0	0	0	0	0
Bacteria	Diaphorobacter sp. JS3050	0	0.000776322	0	0	0	0	0.000788644	0.007334963	0	0.020408163	0	0.006589786	0	0	9.28E-05	0	0	0.000111979	0	0	0.000420301	0.002384196	0	0	0.007978723	0.000706215	0	0	1.37E-05	0	0.020793037	0.006222548	0.010869565	0	0.001091703	0.005870841	0	0.007677543	0.0125	0	0	0.00742115	0.000165462	0	0	0	0	0.001469508	0.017366136	0.008592911	0	0.052830189	0	0	0	0.015789474	0	0	0	0.005399568	0.000140511	0
Bacteria	Bacteroides sp. ZJ-18	0	0	0	0	0	0	0	0	0	0	0	0	0	0	0	0	0	0	0	0	0	0	0	0	0	0	0	0	7.90E-05	0	0	0	0	0	0	0	0	0	0	0	0	0	0	0	0	0	0	0	0	0	0	0	0	0	0	0	0.000602011	0	0	0	0.118129993	5.78E-06
Bacteria	Granulicatella adiacens	0.007490637	0.000970403	3.32E-05	4.95E-05	0	0	0	0	0	0.004081633	0	0	0.000578035	0.000752445	8.44E-06	0	0	7.00E-06	0	0	0.000105075	0.001021798	0	0	0	0	0	0	0.003911912	0	0	0	0	0.009433962	0.008733624	0.005870841	0	0.007677543	0.001785714	0	0	0	0	0	0.000740466	0	0.000596303	0.002939015	0	0	0	0	0	0	0	0	0.000180603	0	9.10E-05	0	2.01E-05	4.33E-06
Bacteria	Nocardioides sp. TF02-7	0	9.70E-05	6.64E-05	0	0.003992016	0.023952096	0	0	0.00407332	0.004081633	0	0	0.000578035	0.001504891	0	0.002272727	0	5.60E-05	0.003267974	0.000853606	0	0.000340599	0	0	0	0	0.013227513	0.006060606	6.87E-06	0.035294118	0.000483559	0	0	0.028301887	0	0.001956947	0	0	0.001785714	0.001046025	0.012295082	0.003710575	5.52E-05	0.00311042	0.000370233	0.000558659	0.000596303	0.002204262	0	0.001074114	0	0.00754717	0.011560694	0.01459854	0.00625	0.002631579	0	0	0.000181951	0.001079914	2.01E-05	1.44E-06
Bacteria	Sphingomonas melonis	0	0.000291121	0.000431521	0	0.007984032	0.017964072	0	0.002444988	0.022403259	0.004081633	0	0	0.002890173	0.000752445	0.000151847	0	0	0.000482909	0	0.000426803	0.006094357	0	0.014880952	0	0.031914894	0	0.026455026	0.03030303	6.87E-06	0	0.008220503	0.001098097	0	0	0	0	0.001647446	0	0	0	0	0.001855288	0.000441233	0	0	0	0.000596303	0	0.00723589	0	0	0.00754717	0	0	0	0.002631579	0.000120402	0	0	0	0	0
Bacteria	Paracoccus denitrificans	0	0.000291121	0	9.90E-05	0.011976048	0	0	0.004889976	0.00203666	0.012244898	0	0.00247117	0.002312139	0.005267118	0	0	0.010362694	1.40E-05	0.003267974	0	0.000735526	0	0	0.035714286	0.007978723	0	0.002645503	0.006060606	3.43E-06	0.005882353	0.00483559	0.00329429	0.010869565	0	0	0	0	0	0.014285714	0	0	0.022263451	0.000110308	0	0	0.000558659	0	0	0.00723589	0.001074114	0	0.011320755	0	0	0	0.005263158	0	0	0	0.001079914	6.02E-05	1.44E-06
Bacteria	Megamonas funiformis	0	0	0	0	0	0	0.018138801	0.004889976	0	0.012244898	0.00070028	0	0	0.000752445	0.000733929	0.004545455	0	3.50E-05	0	0	0	0	0	0	0	0	0	0.006060606	2.06E-05	0	0	0	0	0	0	0	0.004942339	0	0	0	0	0	0	0.00155521	0	0	0	0	0.001447178	0	0	0.00754717	0	0	0	0	0	0	9.10E-05	0	0.000160585	1.30E-05
Bacteria	Acidovorax sp. 1608163	0	0	0.000298745	0	0.005988024	0	0	0	0.00610998	0.004081633	0	0.00247117	0	0.003009782	5.06E-05	0	0.023316062	8.40E-05	0	0	0.000315225	0.000340599	0	0	0	0	0	0	3.43E-06	0	0	0.001464129	0.003623188	0	0	0	0.003294893	0	0	0	0	0.009276438	0.000386079	0	0.000370233	0.002234637	0	0.002939015	0.002894356	0.001074114	0.006578947	0	0.011560694	0.02919708	0.0375	0.005263158	6.02E-05	0	0	0.005939525	2.01E-05	2.89E-06
Bacteria	Enterococcus avium	0	0	0.000331939	0	0	0	0	0	0	0	0	0	0	0	1.69E-05	0	0	0.000132975	0	0	0.000105075	0.001021798	0	0	0	0	0	0	0.000127077	0	0	0	0	0	0	0.023483366	0.029654036	0	0	0	0	0	0	0	0.002591633	0	0	0	0.001447178	0	0	0	0	0	0	0.005263158	0	0	0	0	0	1.59E-05
Bacteria	Bacteroides nordii	0.007490637	0.000970403	0	0.002721829	0	0	0.001577287	0	0.00203666	0	0.00140056	0.000823723	0.001734104	0	8.44E-05	0	0	0.00984015	0	0.001707213	0.000105075	0	0	0	0	0	0	0	0.000154553	0	0	0.000732064	0	0	0.007641921	0	0.003294893	0	0.003571429	0	0	0	0	0	0.002221399	0.000558659	0.001788909	0.000734754	0	0	0.013157895	0	0	0.010948905	0	0	0.00054181	0	0.001182678	0	0.000682484	8.81E-05
Bacteria	Acinetobacter tandoii	0	0.000291121	6.64E-05	0.000148463	0.005988024	0	0	0.002444988	0	0.004081633	0	0.005766063	0.000578035	0.002257336	0	0.002272727	0.018134715	2.80E-05	0	0	0.00021015	0.002043597	0.005952381	0	0	0.001412429	0.010582011	0	0	0	0.000967118	0.000366032	0.007246377	0.009433962	0.002183406	0	0.003294893	0.005758157	0	0.001046025	0.008196721	0.003710575	0	0.00311042	0.000370233	0.005586592	0.001192606	0.000734754	0.02170767	0.003222342	0	0	0.020231214	0.003649635	0.009375	0.005263158	0.000361206	0	0.000272926	0.00161987	0	0
Bacteria	Klebsiella variicola	0	0	0	0	0	0	0	0	0	0	0	0	0	0	0	0	0	0	0	0	0	0	0	0	0	0	0	0	3.78E-05	0	0	0.001830161	0	0	0	0	0	0	0	0	0	0	0.000110308	0	0	0.000558659	0	0	0	0	0	0	0	0	0	0	0	0	0	0	0	2.89E-06
Bacteria	Enterococcus faecium	0	0.000388161	3.32E-05	0.00044539	0	0	0	0	0	0	0	0	0	0	0.000143412	0	0	0.000286946	0	0.000426803	0	0.000681199	0	0	0	0	0	0	3.09E-05	0	0	0.000366032	0	0	0	0	0	0	0	0	0	0	0	0	0	0	0	0	0	0	0	0	0	0	0	0	6.02E-05	0	0.000454876	0	0	0.000202295
Bacteria	Lactobacillus iners	0	0	0	0	0	0	0	0	0	0	0	0	0	0	0	0	0	7.00E-06	0	0	0	0	0	0	0	0	0	0	6.18E-05	0	0	0.001464129	0	0	0	0	0	0	0	0	0	0	0	0	0	0	0	0	0	0	0	0	0	0	0	0	0	0	9.10E-05	0	0	4.33E-06
Bacteria	Pseudomonas balearica	0	0	3.32E-05	0	0.001996008	0.011976048	0	0.002444988	0.00203666	0	0	0.010708402	0.000578035	0.003762227	5.91E-05	0.004545455	0.007772021	4.90E-05	0.001633987	0	0.000420301	0.000340599	0	0	0.002659574	0.001412429	0	0	1.03E-05	0	0.002901354	0.005124451	0.025362319	0	0	0	0.001647446	0	0.007142857	0	0	0.005565863	0.000110308	0.00155521	0	0.003351955	0.001192606	0.000734754	0.00723589	0.003222342	0	0.022641509	0.002890173	0	0	0	0.000602011	0	0	0.004319654	4.01E-05	8.67E-06
Bacteria	Klebsiella quasipneumoniae	0	0	0	0	0	0	0	0	0	0	0	0	0	0	2.53E-05	0	0	7.00E-06	0	0	0	0	0	0.011904762	0	0	0	0	0	0	0	0.000366032	0	0	0	0	0	0	0	0	0	0	0	0	0	0.013407821	0	0	0	0	0	0	0	0	0	0	0	0	0	0	0	0
Bacteria	Sellimonas intestinalis	0.003745318	0.000485201	0	0.001385658	0	0	0	0	0	0	0	0.004118616	0.000578035	0.001504891	0.000818289	0	0	0.001553708	0	0.011950491	0.001260902	0.001702997	0	0	0	0.000706215	0	0	0.000120208	0	0	0	0	0	0	0	0	0.003838772	0	0.00209205	0	0	0	0.00311042	0	0.000558659	0.000596303	0	0	0	0	0	0	0	0	0	0.000842815	0	0.001091703	0.002159827	0	0.000375691
Bacteria	Prevotella nigrescens	0	0	3.32E-05	0	0	0	0	0	0	0	0	0	0.000578035	0.000752445	1.69E-05	0	0	0	0	0	0	0	0	0	0	0	0	0	0.065715993	0	0	0	0	0	0.001091703	0.001956947	0	0	0	0	0	0	5.52E-05	0	0.000370233	0	0	0	0	0	0	0	0	0	0	0	0	0	0	0	0.000200731	1.44E-06
Bacteria	Blautia hansenii	0	0.001164483	0	0.001088732	0	0	0.000788644	0	0	0	0.00070028	0.027182867	0.003468208	0.001504891	0.001400371	0.004545455	0	0.001588701	0.003267974	0.00128041	0.004518231	0.001702997	0	0	0	0.002824859	0	0	0.000240416	0	0	0.000366032	0	0	0	0	0.001647446	0.005758157	0	0	0	0	0	0	0	0.000558659	0.001788909	0.002939015	0	0	0	0	0	0	0	0.007894737	0	0	0.001182678	0.019978402	0	0.000686359
Bacteria	Paracoccus sp. MA	0	0	3.32E-05	0	0.003992016	0	0	0.024449878	0.00203666	0.004081633	0.00070028	0.00247117	0	0	8.44E-06	0	0	6.30E-05	0	0	0.000735526	0	0	0	0	0	0.013227513	0.006060606	0	0.011764706	0.000967118	0.001098097	0.014492754	0	0	0	0.001647446	0.001919386	0.001785714	0	0.004098361	0.009276438	0	0.00311042	0	0.000558659	0	0.000734754	0.001447178	0	0	0.01509434	0	0	0	0.002631579	0	0.006451613	0	0.002159827	0	0
Fungi	Yarrowia lipolytica	0.003745318	0	0	9.90E-05	0	0	0	0.004889976	0	0	0.00210084	0	0	0.003009782	0	0.006818182	0.007772021	1.40E-05	0	0	0	0	0.00297619	0.011904762	0.007978723	0.000706215	0.007936508	0.012121212	0	0	0	0	0	0	0.001091703	0	0.003294893	0.003838772	0.001785714	0.00209205	0.008196721	0.003710575	5.52E-05	0.00155521	0.000740466	0.001117318	0	0.001469508	0.00723589	0.001074114	0	0.003773585	0.002890173	0	0.00625	0	0.000120402	0.006451613	0	0	0	1.44E-06
Bacteria	Sphingomonas sp. NIC1	0	0	0.000265551	0	0.015968064	0.017964072	0	0.002444988	0.00814664	0.008163265	0	0	0.001734104	0.002257336	0.000118104	0	0	0.000349934	0	0	0.003782705	0.000681199	0.005952381	0	0.007978723	0.000706215	0.010582011	0.012121212	0	0	0.010154739	0.001464129	0	0	0	0.003913894	0.003294893	0.001919386	0	0	0	0	0.000937621	0	0	0.000558659	0	0	0	0	0	0	0	0	0	0.005263158	0	0	0	0.000539957	0	1.44E-06
Bacteria	Streptococcus dysgalactiae	0	0	0	0	0	0	0	0	0	0	0	0	0	0	2.53E-05	0	0	7.00E-06	0	0	0	0	0	0	0	0	0	0	0.0007762	0	0	0	0	0	0	0	0	0	0	0	0	0	0	0	0	0	0	0	0	0	0	0	0	0	0	0	0	0	0	0	0	0
Bacteria	Bacteroides zhangwenhongii	0	0.01775837	0	0.001534122	0	0	0.023659306	0	0	0	0.003501401	0	0.001734104	0.004514673	5.91E-05	0	0	9.10E-05	0	0	0.000105075	0.001702997	0	0	0	0	0	0	0.00035032	0	0	0.000732064	0	0	0.002183406	0.001956947	0.006589786	0	0	0	0	0	0	0	0.002221399	0	0.006559332	0	0	0	0	0	0	0	0	0	0.000481609	0	0.01437409	0	0.000180658	0.001559118
Bacteria	Alicycliphilus denitrificans	0.003745318	0	3.32E-05	4.95E-05	0	0	0	0.004889976	0.00407332	0.008163265	0	0.004942339	0.000578035	0.000752445	8.44E-06	0	0	2.10E-05	0	0	0.001050751	0.000681199	0	0	0	0.001412429	0.007936508	0	3.43E-06	0	0.002901354	0.001098097	0.018115942	0	0	0	0	0.003838772	0.003571429	0	0	0.005565863	0	0	0	0.000558659	0	0	0.005788712	0	0	0.022641509	0	0.010948905	0.009375	0	0	0	0.000272926	0.00161987	4.01E-05	1.01E-05
Bacteria	Acinetobacter junii	0	0	0	9.90E-05	0.003992016	0.005988024	0	0	0.010183299	0	0	0.001647446	0	0.003762227	0	0.002272727	0.002590674	0	0.006535948	0	0	0.000681199	0	0	0	0	0.002645503	0.018181818	0	0	0.001450677	0	0	0.028301887	0	0.001956947	0	0	0	0	0	0.009276438	0	0	0	0.000558659	0.000596303	0.000734754	0.005788712	0.001074114	0.006578947	0	0.00867052	0	0	0.002631579	0.000180603	0	0	0	0	1.44E-06
Bacteria	Alistipes shahii	0	0.004560893	0	0.011184243	0	0	0.003154574	0	0	0	0	0	0.004046243	0.000752445	0.000539902	0	0	0.002834467	0	0.015364917	0.000105075	0	0	0	0	0	0	0	0.000151119	0	0	0.000366032	0	0	0	0	0	0	0	0	0	0	0	0	0.000740466	0.016201117	0	0	0	0	0	0	0	0	0	0	0.010173981	0	0.002001456	0	2.01E-05	0.000918998
Bacteria	Acinetobacter wuhouensis	0	0	9.96E-05	9.90E-05	0.003992016	0.005988024	0	0	0	0	0	0	0.000578035	0.002257336	0	0	0.005181347	2.80E-05	0	0	0	0	0	0	0	0	0	0.006060606	0	0	0.000483559	0	0.010869565	0.018867925	0.001091703	0.005870841	0	0	0	0	0.004098361	0.003710575	0.000165462	0	0	0.001117318	0.000596303	0.003673769	0.013024602	0.004296455	0.013157895	0	0.011560694	0	0	0.007894737	0.000180603	0	9.10E-05	0.000539957	0	0
Bacteria	Butyricimonas virosa	0	0.000291121	0	0.000989756	0	0	0.000788644	0.002444988	0	0	0	0	0.001156069	0	0.000101232	0.006818182	0	0.000202962	0	0.002134016	0.00021015	0.000340599	0	0	0	0	0	0	1.03E-05	0	0	0	0	0	0.001091703	0	0	0	0	0	0	0	0	0	0.002221399	0.031284916	0	0.002939015	0	0	0	0	0	0	0	0	0.00168563	0	0.003911936	0	0	0.000199405
Bacteria	[Clostridium] hylemonae	0	0.000485201	0	0.001732073	0	0	0	0	0	0	0	0.001647446	0	0.003009782	0.000868905	0.004545455	0	0.006179838	0.001633987	0	0.000840601	0.000681199	0	0	0	0	0	0	0.000216374	0	0	0.000366032	0	0	0	0	0	0	0	0	0	0	0	0	0.002961866	0.001675978	0	0.001469508	0	0.004296455	0	0	0	0.010948905	0.003125	0	0.019565348	0	0.001364629	0	2.01E-05	0.001312029
Bacteria	Mogibacterium pumilum	0	0	0	0.000148463	0	0.005988024	0	0	0	0	0	0	0	0	2.53E-05	0	0	2.10E-05	0	0	0	0	0	0	0	0	0	0	7.90E-05	0	0	0	0	0	0.001091703	0	0	0	0	0	0	0	0	0	0	0	0	0	0	0	0	0	0	0	0.00625	0	6.02E-05	0	0	0	0	4.19E-05
Bacteria	Blautia producta	0	0.002231926	3.32E-05	0.002771317	0.007984032	0	0.001577287	0	0	0	0.00140056	0.00247117	0.002890173	0.001504891	0.00129914	0	0	0.003184401	0.006535948	0.001707213	0.002311653	0.000681199	0	0	0	0.000706215	0	0	0.000127077	0	0.000483559	0	0	0	0	0	0	0	0	0	0	0	0	0.00466563	0	0.001117318	0.001788909	0.000734754	0	0.005370569	0	0	0	0	0	0	0.000722413	0	0.001364629	0.00161987	6.02E-05	0.000710923
Bacteria	Ruminococcus bicirculans	0	0.000776322	0	0.000197951	0	0	0	0	0	0	0	0.000823723	0	0	0.002674203	0.002272727	0	0.004339184	0	0.00128041	0	0	0	0	0	0	0	0	3.43E-06	0.005882353	0	0.011346999	0	0	0.001091703	0	0	0	0.023214286	0	0	0	0	0	0.000370233	0.001117318	0	0	0	0	0	0	0	0	0	0.005263158	0.002648847	0	0	0	0	8.24E-05
Bacteria	Porphyromonas endodontalis	0	0	0	0	0	0	0	0	0	0	0	0	0	0	0	0	0	0	0	0	0	0	0	0	0	0	0	0	0.000151119	0	0	0	0	0	0	0	0	0	0	0	0	0	0	0	0	0	0.000596303	0.000734754	0	0	0	0	0	0	0	0	0	0	0	0	0	0
Bacteria	Bacteroides sp. M10	0	0.000970403	0	0.000742317	0	0	0.007097792	0	0.00203666	0	0	0	0.000578035	0	5.91E-05	0	0	4.90E-05	0	0.000426803	0.00021015	0.001702997	0	0	0	0	0	0	0.000415576	0	0	0	0	0	0.003275109	0	0	0	0	0.001046025	0	0	5.52E-05	0	0.0011107	0	0	0.000734754	0	0	0	0	0	0	0	0	0.000963217	0	0.000818777	0.003779698	0.00026095	0.000322227
Bacteria	Enterocloster clostridioformis	0	0.001358564	3.32E-05	0.002375414	0	0	0	0	0	0	0	0.00247117	0.000578035	0	0.001484731	0	0	0.002141597	0	0.005121639	0.000735526	0	0	0	0	0	0	0	0.000539219	0	0	0	0	0	0	0	0	0	0	0.001046025	0	0	0	0	0.000370233	0	0.000596303	0	0	0	0	0	0	0	0	0	0.001505027	0	0.004730713	0.001079914	2.01E-05	0.000608331
Bacteria	Lachnoclostridium sp. YL32	0	0.000194081	3.32E-05	0.000643341	0	0	0	0	0	0	0	0.000823723	0.000578035	0.001504891	0.000598954	0	0	0.002617508	0	0.002134016	0.001050751	0	0.00297619	0	0	0	0	0	0.000487701	0	0	0.001098097	0	0	0	0	0	0.001919386	0	0	0	0	0	0	0.000370233	0	0	0.001469508	0	0.001074114	0	0	0	0	0	0	0.001264223	0	0.001364629	0	6.02E-05	0.000258649
Bacteria	Campylobacter showae	0	0	0	0	0	0	0	0	0	0	0	0	0	0	0	0	0	0	0	0	0	0	0	0	0	0	0	0	0.034643944	0	0	0	0	0	0	0	0	0	0	0	0	0	0	0	0	0	0	0	0	0	0	0	0	0	0	0	0	0	0	0	0	1.44E-06
Bacteria	Bacteroides sp. PHL 2737	0	0	0	0	0	0	0	0	0	0	0	0	0	0	0	0	0	0	0	0	0	0	0	0	0	0	0	0	0	0	0	0	0	0	0	0	0	0	0	0	0	0	0	0	0	0	0	0	0	0	0	0	0	0	0	0	0	0	0.016648472	0	0.011602232	0.00064301
Bacteria	Streptococcus sp. oral taxon 431	0.003745318	0	3.32E-05	0.000197951	0	0	0	0	0	0	0.00070028	0	0	0	8.44E-06	0	0	7.00E-06	0	0.00128041	0	0	0	0	0	0	0	0	0.000123643	0	0	0.001098097	0	0	0.002183406	0.005870841	0	0	0	0	0	0	0	0	0.0011107	0	0.001192606	0.006612785	0	0.007518797	0	0	0	0	0	0	0	0	0	0	4.01E-05	2.60E-05
Bacteria	Fusobacterium hwasookii	0.003745318	0	0	0	0	0	0	0	0	0	0	0	0	0	0	0.002272727	0	2.80E-05	0	0	0	0	0	0	0	0	0	0	0.013274397	0	0.000483559	0	0	0	0	0	0	0	0	0.00209205	0	0.001855288	0	0	0	0	0	0	0	0	0	0	0	0	0	0	0.000120402	0	0	0	0	2.89E-06
Bacteria	Hydrogenophilus thermoluteolus	0	0	0	0	0	0	0	0	0	0	0	0	0	0.000752445	0	0	0.005181347	0	0	0	0	0	0	0	0	0	0	0	0	0	0.003384913	0.000732064	0	0	0	0	0	0	0.039285714	0.001046025	0.004098361	0.009276438	0.000220617	0	0.000370233	0.002234637	0	0.011756062	0.002894356	0.002148228	0	0	0.005780347	0	0.009375	0	0.000301005	0	0	0.00161987	2.01E-05	1.44E-06
Bacteria	Bacteroides sp. HF-162	0	0.000291121	0	0.00158361	0	0	0.006309148	0	0	0	0.006302521	0	0	0	0.000269951	0	0	0.000195963	0.013071895	0.003414426	0.000105075	0	0	0	0	0.000706215	0	0	8.24E-05	0	0	0	0	0	0	0	0	0	0	0.008368201	0	0	0	0	0	0.002793296	0	0	0	0	0	0	0	0	0	0	0.000301005	0	0.000181951	0	0.00923361	0.000447939
Bacteria	Acinetobacter piscicola	0	9.70E-05	0	0	0	0	0	0	0.00203666	0.008163265	0	0	0	0.000752445	0	0	0	7.00E-06	0	0	0	0	0	0	0	0.001412429	0.002645503	0.012121212	1.03E-05	0	0	0	0	0.009433962	0	0.001956947	0	0.001919386	0	0	0	0.003710575	5.52E-05	0	0.000370233	0	0	0.000734754	0.01447178	0.002148228	0.006578947	0	0.005780347	0.003649635	0.01875	0.002631579	0	0	0	0	0	1.44E-06
Bacteria	Acinetobacter indicus	0.003745318	0.000194081	0	0	0.00998004	0	0.000788644	0	0.00203666	0.004081633	0	0	0	0.003009782	8.44E-06	0	0.002590674	1.40E-05	0	0.000426803	0	0.000340599	0.00297619	0	0	0	0	0.006060606	1.03E-05	0	0.000483559	0	0.003623188	0.009433962	0	0	0	0	0	0	0	0.001855288	0.000110308	0.00155521	0	0	0.000596303	0	0.015918958	0.001074114	0	0.003773585	0.014450867	0.003649635	0	0.005263158	0	0	9.10E-05	0	0	0
Bacteria	Clostridium perfringens	0	0	0	0.000197951	0	0	0.000788644	0	0.00203666	0.004081633	0	0	0	0.003009782	0.000109668	0	0	5.60E-05	0	0	0.000105075	0	0.00297619	0	0	0	0	0	9.27E-05	0	0	0	0	0	0.003275109	0	0	0.001919386	0	0	0	0	0	0	0	0	0.000596303	0	0.002894356	0	0	0	0	0	0	0.063157895	0.000240804	0	0	0	0	2.02E-05
Bacteria	Streptococcus pneumoniae	0.003745318	9.70E-05	3.32E-05	4.95E-05	0	0	0	0	0	0	0.00210084	0	0.000578035	0	1.69E-05	0	0	1.40E-05	0	0	0	0.004427793	0.00297619	0	0	0	0	0	2.40E-05	0	0	0.000366032	0	0	0.030567686	0.007827789	0	0.003838772	0.001785714	0	0	0	0.000110308	0.00155521	0.000740466	0.000558659	0.002981515	0.000734754	0	0	0	0	0.005780347	0	0	0	0.000120402	0	0	0	0	4.33E-05
Bacteria	Acinetobacter sp. TGL-Y2	0.011235955	0	3.32E-05	0.000197951	0	0	0	0	0	0.016326531	0	0	0.000578035	0.002257336	0	0	0	0	0	0	0.000105075	0.000340599	0.005952381	0	0.002659574	0	0.002645503	0	6.87E-06	0	0.001934236	0	0.003623188	0	0	0.001956947	0.008237232	0	0	0	0	0.001855288	0	0	0	0	0.001192606	0	0.005788712	0.001074114	0	0	0.00867052	0.003649635	0.00625	0.005263158	0.000120402	0	9.10E-05	0.000539957	0	0
Bacteria	Clostridium sp. M62/1	0	0.002426007	0	0.002721829	0	0	0.000788644	0	0	0	0.003501401	0.00247117	0.002312139	0.001504891	0.001012317	0	0	0.002456538	0	0.000426803	0.000315225	0.001362398	0	0	0	0	0	0	0.000154553	0	0	0.002928258	0	0	0.002183406	0	0	0	0	0.001046025	0	0	0	0	0.003332099	0.004469274	0	0.005143277	0	0	0	0.003773585	0	0	0	0.002631579	0.001926434	0	0.003184134	0	0	0.001196432
Bacteria	Acinetobacter pittii	0	0.000388161	9.96E-05	0	0.005988024	0.005988024	0	0	0	0	0.00140056	0	0	0.003762227	5.06E-05	0	0	2.80E-05	0	0	0	0.000340599	0	0	0.007978723	0.001412429	0	0	0	0	0.000967118	0	0.010869565	0	0.002183406	0	0	0	0	0	0.016393443	0	5.52E-05	0	0	0	0	0.002939015	0.008683068	0.002148228	0	0.00754717	0	0	0	0.007894737	0.000240804	0	0	0	0	4.33E-06
Bacteria	Alistipes finegoldii	0	0.001067443	0	0.001237195	0	0.005988024	0.003154574	0	0	0	0.00070028	0	0.001734104	0	0.000337439	0	0	0.001049803	0	0	0.000420301	0	0	0	0.002659574	0	0	0	0.000161422	0	0	0	0	0	0	0	0	0	0.007142857	0	0	0	0	0	0	0.005586592	0	0	0	0	0	0	0	0	0	0	0.003973271	0	0.001000728	0	0	0.001372717
Bacteria	Coprococcus sp. ART55/1	0	0.008636584	0	0.000346415	0	0	0	0	0	0	0.00140056	0.000823723	0.001734104	0	0.00104606	0	0	0.000937824	0	0.000426803	0.000315225	0	0	0	0	0	0	0	4.12E-05	0	0	0	0	0	0.002183406	0	0	0.001919386	0.010714286	0	0	0	0	0	0	0.000558659	0	0	0	0	0	0	0	0	0	0	0.000240804	0	0.000545852	0	0	0.000254314
Bacteria	Schaalia turicensis	0	0	0	0	0	0	0	0	0	0	0	0	0	0	8.44E-06	0	0	0.001287758	0	0	0	0	0	0	0	0	0	0	0	0	0	0	0	0	0	0	0	0	0	0	0	0	0	0	0	0	0	0	0	0	0	0	0	0	0	0	0.001625429	0	0	0	0	0
Bacteria	Clostridium botulinum	0	0.000291121	0	0	0	0	0.000788644	0.009779951	0	0	0	0	0.000578035	0	4.22E-05	0	0	0.00016097	0	0.002134016	0	0	0.008928571	0	0	0.001412429	0	0.006060606	0.000236981	0	0	0	0.003623188	0	0.001091703	0	0	0	0	0	0	0	0	0	0	0.000558659	0.001192606	0	0	0	0	0.018867925	0.00867052	0	0	0	0.000240804	0	0.000272926	0.002159827	0	4.05E-05
Bacteria	Schaalia cardiffensis	0	0	0	4.95E-05	0	0	0	0	0	0	0	0	0	0	0	0.002272727	0	0	0	0	0	0	0	0	0	0	0	0	3.43E-06	0	0	0	0	0	0	0	0	0	0	0	0	0	0	0	0	0	0	0	0	0	0	0	0	0	0	0	0	0	0	0	0	1.44E-06
Bacteria	Acinetobacter towneri	0.003745318	0	0	0	0	0.011976048	0	0	0	0	0	0	0.002312139	0.003009782	1.69E-05	0	0.007772021	0	0.001633987	0	0	0.001021798	0	0	0	0.002118644	0	0.024242424	0	0	0.001934236	0	0.003623188	0	0	0.001956947	0	0.003838772	0	0	0	0	0	0	0	0	0	0.001469508	0.010130246	0.001074114	0	0	0	0	0	0.002631579	0.000301005	0	0	0.000539957	0	0
Bacteria	Acinetobacter sp. CS-2	0.003745318	9.70E-05	0	0	0	0.011976048	0.000788644	0.002444988	0	0.004081633	0	0	0	0	0	0	0.002590674	0	0	0	0.00021015	0	0	0	0	0	0.002645503	0.024242424	3.43E-06	0	0	0	0.007246377	0	0	0.001956947	0	0	0	0	0	0	5.52E-05	0	0	0.001675978	0	0.001469508	0.005788712	0.001074114	0	0	0.005780347	0	0	0	6.02E-05	0.006451613	9.10E-05	0.000539957	0	1.44E-06
Bacteria	Enterobacter roggenkampii	0	0	0	0	0	0	0	0	0	0	0	0	0	0	8.44E-06	0	0	0	0	0	0	0	0	0	0	0	0	0	0	0	0	0	0	0	0	0	0	0	0	0	0	0	0.004467487	0	0	0	0	0	0	0	0	0	0	0	0	0	0	0	0	0	0	7.22E-06
Bacteria	Streptococcus gordonii	0	0	0.000265551	0.000148463	0	0	0	0	0	0	0	0	0	0	1.69E-05	0	0	2.80E-05	0	0.000853606	0	0.000340599	0	0	0	0	0	0	7.21E-05	0.005882353	0.000483559	0.000366032	0	0	0.005458515	0	0	0.001919386	0	0	0	0.003710575	5.52E-05	0	0.003702332	0	0.002981515	0.007347539	0	0.005370569	0	0	0	0	0	0	0	0	0	0	0	7.66E-05
Bacteria	Parabacteroides sp. CT06	0	0	0	0	0	0	0	0	0	0	0	0	0	0	0	0	0	0.000244954	0	0	0	0	0	0	0	0	0	0	0.000154553	0	0	0	0	0	0	0	0	0	0	0	0	0	0	0	0	0	0	0	0	0	0	0	0	0	0	0	0.002167239	0	0	0	0	2.89E-05
Viruses	CrAss-like virus sp.	0	0.000194081	0	0	0	0	0	0	0	0	0	0	0.001156069	0	0	0	0	0.000398925	0	0	0	0	0	0	0	0	0	0	1.72E-05	0	0	0	0	0	0	0	0	0	0	0	0	0	0	0	0.000370233	0.018994413	0	0	0	0	0	0	0	0	0	0	0.004274276	0	0	0	4.01E-05	0
Bacteria	Bacteroides sp. CBA7301	0	0.001455604	0	0.00044539	0	0	0.002365931	0	0	0	0.00070028	0	0.002312139	0	5.06E-05	0	0	0.000146972	0.001633987	0	0	0	0	0	0	0	0	0.018181818	0.000219809	0	0	0	0	0	0	0	0	0	0	0	0.004098361	0	0	0.00155521	0.000370233	0.000558659	0	0.000734754	0	0	0	0	0	0	0	0	0.000301005	0	0.000818777	0.002699784	0.000361315	0.000202295
Bacteria	Fusobacterium gonidiaformans	0	0	0	0	0	0	0	0	0	0	0	0	0.000578035	0	0	0	0	0	0	0	0	0	0	0	0	0	0	0	0.000120208	0	0	0	0	0	0	0	0	0	0	0	0	0	0	0	0	0	0	0	0	0	0	0	0	0	0	0	0	0	0	0	0	1.16E-05
Bacteria	Leptotrichia trevisanii	0	0	0	4.95E-05	0	0	0	0	0	0	0	0	0	0	8.44E-06	0	0	3.50E-05	0	0	0	0	0	0	0	0	0	0	7.21E-05	0	0	0	0	0	0	0	0	0	0	0	0	0	0	0	0	0	0	0	0	0	0	0	0	0	0	0	0	0	0	0	0	4.33E-06
Bacteria	Mogibacterium diversum	0	9.70E-05	3.32E-05	0.000940268	0	0	0	0.002444988	0	0.004081633	0.00070028	0	0.000578035	0	9.28E-05	0	0	7.70E-05	0	0	0	0	0	0	0	0	0	0	0.000326279	0	0	0	0	0	0	0	0	0	0	0	0	0	0	0	0.000370233	0	0	0	0	0	0	0	0	0	0	0	6.02E-05	0	0	0	0	0.000306333
Bacteria	Clostridium butyricum	0	0	0	4.95E-05	0	0	0	0	0	0	0	0	0	0	8.44E-06	0	0	6.30E-05	0	0	0	0	0	0	0	0	0	0	1.37E-05	0	0	0	0	0	0	0	0	0.001919386	0	0	0	0	0	0	0	0	0	0	0	0	0	0	0	0	0	0.023684211	0	0	0	0.050215983	0	3.18E-05
Bacteria	Morganella morganii	0	0	3.32E-05	4.95E-05	0	0	0	0	0	0	0	0	0	0	8.44E-06	0	0	4.90E-05	0	0	0	0	0	0	0	0	0	0	1.03E-05	0	0	0	0	0	0	0.01369863	0.011532125	0	0	0	0	0	0	0	0	0	0	0	0.004341534	0	0	0	0	0	0	0.013157895	0	0	0	0	0	5.78E-06
Bacteria	Acinetobacter calcoaceticus	0	0	0	0	0.003992016	0	0	0	0.00203666	0	0.00070028	0.004118616	0.000578035	0.001504891	8.44E-06	0.002272727	0.005181347	2.10E-05	0.004901961	0.000426803	0	0.001021798	0.00297619	0	0.002659574	0.001412429	0.002645503	0.006060606	0	0	0.000967118	0	0.007246377	0	0	0	0	0	0	0	0	0	0.000110308	0	0.000370233	0.000558659	0	0	0.002894356	0.003222342	0	0.003773585	0	0	0	0.015789474	0.000240804	0	9.10E-05	0	0	0
Bacteria	Acinetobacter shaoyimingii	0.003745318	9.70E-05	0	0	0	0.005988024	0	0	0	0	0	0	0	0	1.69E-05	0	0	1.40E-05	0	0	0	0	0	0.023809524	0	0	0	0	0	0	0.000483559	0	0	0	0	0	0	0	0	0.00209205	0.004098361	0.005565863	0	0	0.0011107	0	0.000596303	0.000734754	0.011577424	0	0	0.003773585	0.002890173	0	0	0.010526316	6.02E-05	0	0	0.000539957	0	0
Bacteria	Dialister pneumosintes	0	0	0	0.000197951	0	0	0	0	0	0	0	0	0	0	8.44E-06	0	0	0.000174967	0	0	0	0.000340599	0	0	0	0	0	0	0.009942918	0	0	0	0	0	0	0	0	0	0	0	0	0.003710575	0	0	0	0	0	0.001469508	0	0	0	0	0	0	0	0.002631579	0.000240804	0	0	0	0	4.33E-06
Bacteria	Acinetobacter ursingii	0	0.000291121	0	4.95E-05	0.001996008	0	0	0	0	0.004081633	0	0	0	0	4.22E-05	0.004545455	0.002590674	1.40E-05	0	0.000853606	0	0.001362398	0	0	0.002659574	0	0.005291005	0	1.03E-05	0	0.000967118	0.000366032	0	0	0	0.001956947	0.001647446	0.001919386	0	0.001046025	0	0	0	0	0.001851166	0	0	0	0.005788712	0.002148228	0	0.00754717	0.020231214	0	0	0	0.000120402	0.006451613	0	0.000539957	0	0
Bacteria	Parabacteroides johnsonii	0	0	6.64E-05	0.000593854	0	0	0	0.004889976	0	0	0	0.001647446	0	0	1.69E-05	0.006818182	0	0.000279947	0	0	0.001365977	0.000681199	0	0	0.005319149	0	0	0.006060606	6.18E-05	0	0	0	0	0	0	0	0	0	0	0	0	0	0	0	0	0.006145251	0.001192606	0.002939015	0	0	0	0	0	0.018248175	0	0	0.001444826	0	0.000818777	0	0.00327191	0.000257204
Bacteria	Pseudoxanthomonas suwonensis	0.003745318	0	0.000132776	0	0.01996008	0.005988024	0	0	0.00407332	0	0	0.000823723	0.000578035	0	2.53E-05	0	0	0.000251953	0	0	0.001681202	0.000340599	0	0	0	0	0.002645503	0	0	0	0.001934236	0.001830161	0	0	0	0	0	0	0	0	0	0	0.000220617	0	0	0.000558659	0	0.001469508	0.005788712	0	0	0	0	0	0	0	0	0	0	0	0	5.78E-06
Bacteria	Streptococcus sp. NSJ-72	0	0	0	0	0	0	0	0	0	0	0	0	0	0	0	0	0	0	0	0	0.000105075	0	0	0	0	0	0	0	6.18E-05	0	0	0	0	0	0.001091703	0	0	0	0	0	0	0	0	0	0	0	0	0	0	0	0	0	0	0	0	0	0.000120402	0	0	0	0	2.89E-06
Bacteria	Eubacterium sp. NSJ-61	0.011235955	0.000776322	3.32E-05	0.001286683	0	0	0	0	0	0	0.00070028	0.000823723	0.001156069	0	0.000700186	0	0	0.001175779	0	0.000426803	0.000735526	0	0	0	0	0.000706215	0	0	9.27E-05	0	0	0	0	0	0.001091703	0	0	0.003838772	0	0	0	0	0	0	0	0	0	0.005143277	0	0	0	0	0	0	0	0	0.002528445	0.012903226	0.001091703	0.000539957	0	0.000901659
Bacteria	Acinetobacter sp. TTH0-4	0	9.70E-05	0	0	0.001996008	0	0	0.009779951	0.00610998	0	0	0	0	0.000752445	0	0	0	7.00E-06	0	0	0	0	0.00297619	0	0.002659574	0	0	0	3.43E-06	0	0	0	0.003623188	0	0	0.001956947	0.001647446	0	0	0	0	0	0.000110308	0.00466563	0	0	0.001788909	0	0.004341534	0.001074114	0	0.003773585	0.011560694	0	0.00625	0.002631579	0	0	0	0.000539957	0	0
Bacteria	Shewanella algae	0	0	0	0	0	0	0	0	0	0	0	0	0	0	0	0	0	0	0	0	0	0	0	0	0	0	0	0	3.43E-06	0	0	0	0	0	0	0	0	0	0	0	0	0	0	0	0	0	0	0	0	0.001074114	0	0	0	0	0	0	0	0	0	0	0	1.44E-06
Bacteria	Acinetobacter cumulans	0	0	3.32E-05	9.90E-05	0.003992016	0	0	0.004889976	0.00203666	0	0	0.000823723	0	0.003009782	0	0	0.002590674	2.10E-05	0.001633987	0	0	0.001021798	0	0.023809524	0.005319149	0	0	0	3.43E-06	0	0	0	0	0	0.002183406	0	0.003294893	0.001919386	0	0	0	0	0	0	0	0	0.000596303	0	0.008683068	0	0	0	0	0	0	0.002631579	0.000301005	0	9.10E-05	0	0	0
Bacteria	Bacteroides faecis	0	0.000679282	3.32E-05	0.001633097	0	0	0.012618297	0	0	0	0	0.000823723	0.000578035	0	4.22E-05	0	0	0.000125976	0.004901961	0	0.00021015	0.000340599	0	0	0	0	0	0	0.001380675	0.005882353	0	0.002928258	0	0	0.001091703	0	0	0	0	0	0	0	0	0	0.000740466	0.000558659	0	0	0	0	0	0	0	0	0	0	0.000301005	0	0.001182678	0.000539957	0.000240877	0.000154611
Bacteria	Anaerostipes caccae	0	0.000970403	0.001394145	0.000148463	0	0	0	0	0	0	0	0	0.000578035	0.000752445	0.000219335	0	0	0.000979816	0	0.004694836	0.000315225	0	0	0	0	0.000706215	0	0	0.000340017	0	0	0	0	0	0	0.001956947	0	0	0	0	0	0	0	0	0.000370233	0.000558659	0.002981515	0	0	0.001074114	0	0	0	0	0	0.015789474	0.000361206	0	0.000454876	0.004859611	0	0.000196515
Bacteria	Longicatena caecimuris	0	0.000388161	0	0.005245707	0	0	0.002365931	0	0	0	0	0	0	0.001504891	0.00064957	0	0	0.000895832	0	0	0.000105075	0	0	0	0	0	0	0	3.09E-05	0	0	0.000732064	0	0	0.017467249	0	0	0	0.007142857	0	0	0	0	0	0	0.009497207	0	0.002204262	0	0	0	0	0	0	0	0	0.000120402	0	0.000181951	0	0	0.000955122
Bacteria	Porphyromonas somerae	0	0.000291121	0	0	0	0	0	0	0	0	0	0	0	0	2.53E-05	0	0	0	0	0	0	0	0	0	0	0	0	0	0.000127077	0	0	0	0	0	0	0	0	0	0	0	0	0	0	0	0	0	0	0	0	0	0	0	0	0	0	0	0	0	9.10E-05	0	0	5.78E-06
Bacteria	Acinetobacter sp. Marseille-Q1620	0	0	0	0.000148463	0	0	0	0	0	0	0	0	0	0.001504891	0	0	0.005181347	2.10E-05	0	0.000426803	0	0.000340599	0	0	0	0	0.005291005	0	3.43E-06	0	0	0.000366032	0	0.018867925	0	0.001956947	0	0	0	0	0.008196721	0	5.52E-05	0.00155521	0	0.000558659	0	0	0.004341534	0	0	0.003773585	0.005780347	0	0	0.005263158	0.000120402	0	0	0	0	1.44E-06
Bacteria	Acinetobacter gyllenbergii	0	0	0	4.95E-05	0.001996008	0.011976048	0	0.002444988	0	0	0	0	0	0.000752445	4.22E-05	0	0.010362694	0	0	0	0.00021015	0	0	0	0.002659574	0.000706215	0.002645503	0.006060606	0	0	0	0	0	0	0	0	0	0	0	0	0.004098361	0.001855288	0	0.00311042	0	0	0	0	0.004341534	0.002148228	0	0	0.002890173	0	0	0.005263158	6.02E-05	0	0	0	0	0
Bacteria	Sutterella wadsworthensis	0	0.006307618	0	9.90E-05	0	0	0	0	0	0	0.004901961	0	0.002312139	0	0	0	0	7.70E-05	0	0	0	0	0	0	0	0	0	0	0	0	0	0	0	0	0	0	0.001647446	0	0	0	0	0	0	0	0.009255831	0	0	0	0	0	0	0	0.00867052	0	0	0	6.02E-05	0	0	0	0.004456221	0
Bacteria	Desulfovibrio piger	0	0	0	0.020240511	0	0	0.001577287	0	0	0	0	0.000823723	0	0	8.44E-06	0	0	5.60E-05	0	0.000426803	0	0	0	0	0	0	0.007936508	0	3.43E-06	0	0	0	0	0	0	0	0	0.001919386	0	0	0	0	0	0	0.002221399	0	0	0.004408523	0	0	0	0	0	0	0	0	6.02E-05	0	0.000727802	0	0	2.31E-05
Bacteria	Intestinimonas butyriciproducens	0	0.001164483	0	0.001088732	0	0	0	0	0.00203666	0	0.00070028	0	0.002312139	0.000752445	0.00064957	0	0	0.000678872	0	0.002134016	0	0.000340599	0	0	0	0	0	0	0.000199202	0	0	0	0	0	0	0.003913894	0.004942339	0	0.003571429	0	0	0	0	0	0.000370233	0.002793296	0	0.002204262	0	0.001074114	0	0	0	0.003649635	0	0	0.003130456	0	0.000272926	0	0	0.000157501
Bacteria	Streptococcus sp. LPB0220	0	9.70E-05	0.000564297	0.001138219	0.001996008	0.011976048	0	0	0	0	0	0	0	0	1.69E-05	0	0	0	0	0.00128041	0.00021015	0.001362398	0	0	0	0	0	0	3.09E-05	0	0	0	0	0	0.004366812	0.001956947	0	0	0.001785714	0	0	0	0	0	0.001851166	0	0	0.011021308	0	0.009667025	0	0	0	0	0	0	0	0	0.000272926	0	0	0.000135827
Bacteria	Acinetobacter baylyi	0	0.000194081	0	0	0.001996008	0.005988024	0	0	0	0	0	0	0	0.002257336	0	0	0.002590674	7.00E-06	0	0	0	0	0	0	0.002659574	0.000706215	0	0	6.87E-06	0	0	0.001098097	0	0	0	0	0	0	0	0	0	0.003710575	0	0	0	0	0	0	0.008683068	0.002148228	0	0	0.011560694	0.003649635	0.003125	0.005263158	0	0.006451613	0	0	0	0
Bacteria	Phocaeicola salanitronis	0	0.005240175	3.32E-05	0.000940268	0	0	0.002365931	0	0	0	0.00280112	0	0.003468208	0.000752445	2.53E-05	0	0	3.50E-05	0.003267974	0	0	0	0.00297619	0	0	0.001412429	0.002645503	0	0.000202636	0	0	0.000732064	0	0	0.002183406	0	0	0	0	0	0	0	0	0	0.002961866	0.001675978	0.00417412	0.002204262	0	0	0	0	0	0	0	0	0.000722413	0	0.001546579	0	0	0.000193625
Bacteria	Streptococcus milleri	0	0	0	0	0	0	0	0	0	0	0.00070028	0	0	0	0	0	0	0	0	0	0	0.000340599	0	0	0	0	0	0	0.000116773	0	0	0	0	0	0	0	0	0	0	0	0	0	0	0	0.002221399	0	0	0	0	0	0	0	0	0	0	0	0	0	0	0	0	1.44E-06
Bacteria	Paracoccus kondratievae	0	0	3.32E-05	0	0	0	0	0.002444988	0	0	0	0	0	0.001504891	0	0.002272727	0.005181347	1.40E-05	0	0	0.000105075	0	0	0	0	0.000706215	0.005291005	0.006060606	0	0	0.000967118	0.000366032	0.007246377	0	0	0.001956947	0	0	0.003571429	0	0	0.001855288	0.000330925	0	0	0	0	0.001469508	0.008683068	0.002148228	0	0	0	0	0	0.005263158	0	0	0	0	0	8.67E-06
Bacteria	Vescimonas fastidiosa	0	0.001164483	0	0.000742317	0	0	0.001577287	0	0	0	0	0	0.000578035	0	0.00048085	0	0	0.000769855	0.004901961	0.000853606	0	0.000340599	0	0	0	0	0	0	5.15E-05	0	0	0	0	0	0	0	0	0	0	0	0	0	0	0	0	0.010055866	0	0	0	0.001074114	0	0	0	0.010948905	0	0	0.007224129	0	0.000181951	0	2.01E-05	8.81E-05
Bacteria	Flintibacter sp. KGMB00164	0	0.000776322	0	0.001187707	0	0	0	0	0	0	0.00070028	0.000823723	0.001156069	0	0.00060739	0	0	0.000678872	0	0.002560819	0	0	0	0	0.002659574	0.001412429	0	0	6.87E-05	0	0	0.001098097	0	0.018867925	0	0	0	0	0	0.001046025	0	0	0	0	0	0.001675978	0	0	0	0	0	0	0	0	0	0	0.000842815	0	0.000454876	0	0	0.00020374
Bacteria	Acinetobacter radioresistens	0	9.70E-05	0	4.95E-05	0.003992016	0	0	0	0	0	0	0	0.000578035	0.003762227	0	0	0.005181347	7.00E-06	0	0.000426803	0	0.001021798	0	0	0	0	0.002645503	0	0	0	0.000483559	0	0	0	0	0.003913894	0.003294893	0	0	0	0	0.003710575	0	0	0.000370233	0	0.000596303	0	0.001447178	0	0	0.003773585	0.002890173	0.003649635	0	0	0	0.012903226	0	0	0	0
Viruses	Human gammaherpesvirus 4	0	0	0	0	0	0	0.000788644	0	0	0	0	0	0	0	0	0	0	0	0	0	0	0	0	0	0	0	0	0	0	0	0	0	0	0	0	0	0	0	0	0	0	0	0	0	0	0	0	0	0	0.002148228	0	0	0	0	0	0	0	0.038709677	0	0.00161987	2.01E-05	0
Viruses	Human immunodeficiency virus 1	0	0	3.32E-05	0	0	0	0	0.007334963	0	0	0	0	0	0	0	0	0	3.50E-05	0	0	0.00021015	0	0	0	0	0	0	0	0	0	0	0	0	0	0	0	0	0	0	0	0	0	0	0	0	0	0	0	0.001447178	0	0	0	0.002890173	0	0.00625	0.036842105	6.02E-05	0	0	0	0	1.44E-06
Bacteria	Acinetobacter seifertii	0	0	6.64E-05	0	0.007984032	0	0	0	0.00203666	0	0	0	0.000578035	0	0	0	0.007772021	1.40E-05	0	0	0	0	0	0	0.005319149	0	0.002645503	0.006060606	6.87E-06	0	0.000483559	0	0	0	0	0	0	0	0	0	0.004098361	0	0	0.00155521	0	0.000558659	0	0	0.00723589	0.002148228	0	0	0	0	0	0.005263158	6.02E-05	0	0	0	0	0
Bacteria	Acinetobacter haemolyticus	0	0	0	4.95E-05	0.003992016	0.005988024	0	0	0.00203666	0	0	0	0	0	8.44E-06	0	0	0	0	0	0	0	0	0	0	0	0	0	0	0	0.000967118	0	0	0	0	0	0	0	0	0	0	0.001855288	0	0.00155521	0	0.000558659	0	0.000734754	0.004341534	0.004296455	0	0	0.01734104	0	0.003125	0.002631579	0.000180603	0	0	0.003239741	0	0
Bacteria	Clostridium sp. C5S11	0	9.70E-05	3.32E-05	4.95E-05	0	0.011976048	0.001577287	0	0	0	0.00210084	0	0	0	1.69E-05	0	0	2.10E-05	0	0	0	0	0	0	0.010638298	0	0	0	2.75E-05	0	0	0	0.007246377	0	0	0	0	0.001919386	0.001785714	0	0	0	0	0	0	0	0.000596303	0	0	0	0	0	0.002890173	0	0	0.005263158	0	0	0	0	0	1.44E-06
Bacteria	Bacteroides sp. KGMB07931	0	0.001649685	0	0.000197951	0	0	0.003943218	0	0	0	0	0	0	0	1.69E-05	0	0	6.30E-05	0	0	0	0.002043597	0	0	0	0	0	0	7.21E-05	0	0	0	0	0	0	0	0	0	0	0	0	0	0	0	0	0	0	0	0	0	0	0	0	0	0	0	0.002347842	0	0	0	8.03E-05	4.05E-05
Bacteria	Anaerococcus vaginalis	0	0	0	0	0	0	0	0	0	0	0	0	0	0	4.22E-05	0	0	3.50E-05	0	0	0	0	0	0	0	0	0	0	2.75E-05	0	0	0	0	0	0	0	0	0	0	0	0	0	0	0	0	0	0	0	0	0	0	0	0	0	0	0	0	0	0.000181951	0	0	4.33E-06
Bacteria	Anaerococcus obesiensis	0	0	0	4.95E-05	0	0	0	0	0	0	0.00280112	0	0	0.001504891	1.69E-05	0	0	4.90E-05	0	0	0	0	0	0	0	0	0	0	0	0	0	0	0	0	0	0	0	0	0.001785714	0	0	0	0	0	0	0	0	0	0	0	0	0	0	0.003649635	0	0	0	0	0	0	0	2.89E-06
Bacteria	Granulicatella elegans	0	0	0	0	0	0.005988024	0	0	0	0	0.00140056	0	0	0	0	0	0	0	0	0	0	0.001021798	0	0	0	0	0	0	0.000226678	0	0	0	0	0	0.004366812	0.001956947	0	0.001919386	0	0	0	0.001855288	0	0	0.000370233	0	0.001192606	0.001469508	0	0	0	0	0	0	0	0	0	0	0	0	0	1.01E-05
Bacteria	Veillonella sp. S12025-13	0	0	0	9.90E-05	0.001996008	0	0	0	0	0.004081633	0	0	0	0	8.44E-06	0	0	0	0	0	0	0.01226158	0	0	0	0	0	0	0	0	0	0	0	0	0.001091703	0	0.001647446	0	0	0	0	0	0	0	0	0	0.000596303	0.000734754	0	0	0	0	0	0	0	0.018421053	6.02E-05	0	0	0	8.03E-05	5.78E-06
Bacteria	Eubacterium limosum	0	0	0	0	0	0	0	0	0	0	0	0	0.001156069	0.002257336	0.000101232	0	0	0.00026595	0	0	0.000525376	0	0	0	0	0	0	0.006060606	6.87E-05	0	0	0.000366032	0	0	0	0	0	0	0	0	0	0	0	0	0	0	0	0	0	0	0	0	0	0.00729927	0	0.002631579	0.006622118	0	0.000181951	0	0	3.76E-05
Bacteria	Fusobacterium sp. oral taxon 203	0	0	0	0	0	0	0	0	0	0	0	0	0	0	0	0	0	0	0	0	0	0	0	0	0	0	0	0.03030303	0.00311167	0	0	0	0.003623188	0	0	0	0	0	0	0	0	0	0	0	0	0	0	0	0	0	0	0	0	0	0	0	0	0	0	0	0	0
Bacteria	Citrobacter freundii	0	0	0	0	0	0	0	0	0	0	0	0	0	0	7.59E-05	0	0	0	0	0	0	0	0	0	0	0	0	0	0	0	0	0	0	0	0	0	0	0	0	0	0	0	0.041310463	0	0	0	0	0	0	0	0	0	0	0	0	0	0	0	0	0	0.000140511	1.01E-05
Bacteria	Streptococcus lutetiensis	0	0	0	0	0	0	0	0	0	0	0	0	0	0	0	0	0	0	0	0	0	0	0.005952381	0	0	0	0	0	3.43E-06	0	0	0	0	0	0	0.001956947	0	0	0	0	0	0	0	0	0	0	0	0	0	0	0	0	0	0	0	0	0	0	0	0	0	1.59E-05
Bacteria	Streptococcus agalactiae	0	0	0.000132776	0.000395902	0	0	0	0	0	0	0	0	0	0	0	0	0	6.30E-05	0	0	0.000315225	0	0	0	0	0	0	0	2.40E-05	0	0	0	0.003623188	0	0	0.005870841	0	0	0	0	0	0	0	0	0	0	0	0.005878031	0	0	0	0	0	0	0	0	0	0	0	0	0	0.00020374
Bacteria	Filifactor alocis	0	0	0	0	0	0	0	0	0	0	0	0	0	0	3.37E-05	0	0	0.000146972	0	0	0	0.000340599	0	0	0	0	0	0	0.000309106	0	0	0	0	0	0	0	0	0	0	0	0	0	0	0.00155521	0.000740466	0	0	0	0	0	0	0	0	0	0.003125	0	0.000180603	0	9.10E-05	0	0	8.67E-06
Bacteria	Veillonella dispar	0	0	0	0.000247439	0	0	0	0	0	0	0	0	0	0	0	0.002272727	0	0	0	0.000853606	0	0.014305177	0	0	0	0	0	0	0	0	0	0	0	0	0.001091703	0	0	0	0	0	0.004098361	0	0	0	0.0011107	0	0	0.001469508	0	0.001074114	0	0	0	0	0	0.002631579	0	0	0.000181951	0	2.01E-05	2.75E-05
Bacteria	Streptococcus periodonticum	0	0	0	0	0	0	0	0	0	0	0	0	0	0	0	0	0	0	0	0	0	0	0	0	0	0	0	0	2.40E-05	0	0	0	0	0	0	0	0	0	0.001785714	0	0	0	0	0	0	0	0	0	0	0	0	0	0	0	0	0	0	0	0	0	0	1.73E-05
Bacteria	Porphyromonas gingivalis	0	0.000291121	0	9.90E-05	0	0	0	0	0	0	0	0	0.000578035	0.002257336	1.69E-05	0.018181818	0	0	0	0	0	0.000681199	0	0	0	0	0	0	0.0015524	0	0	0	0	0	0.002183406	0	0	0	0	0	0	0.001855288	0	0	0	0	0.001192606	0	0	0	0	0	0	0	0	0	0.000180603	0	0	0	0	4.33E-06
Bacteria	Eikenella corrodens	0	0.000194081	0	0	0	0	0	0	0	0	0	0	0	0	0	0	0	0	0	0	0	0.000681199	0	0	0	0	0	0	0.007198742	0	0	0	0	0	0.001091703	0	0	0	0	0	0	0.001855288	0	0	0	0	0	0.001469508	0	0	0	0	0	0	0	0	0	0	0	0	0	0
Bacteria	Lacrimispora saccharolytica	0	0	0	0.00089078	0	0	0	0	0	0	0	0	0.001156069	0.000752445	0.000776109	0	0	0.000979816	0	0.000853606	0.000315225	0	0.00297619	0	0	0.001412429	0	0	0.000247285	0	0	0	0	0	0	0	0	0	0	0	0	0	0	0	0.000370233	0	0	0	0	0	0	0.00754717	0.005780347	0	0	0	0.000842815	0	0.000363901	0.001079914	2.01E-05	0.000241309
Bacteria	Acinetobacter sp. ACNIH2	0	0	0	0.000148463	0	0	0	0	0	0	0	0	0	0	8.44E-06	0	0.012953368	0	0	0	0	0.001702997	0	0	0	0	0	0	0	0	0.003384913	0	0	0	0	0	0	0	0	0	0	0	0	0	0	0.001675978	0.000596303	0.000734754	0.001447178	0.001074114	0	0	0	0	0	0.015789474	0	0	0	0	0	0
Bacteria	Acinetobacter wanghuae	0.003745318	0.000194081	3.32E-05	0.000247439	0	0	0	0.002444988	0	0	0	0	0	0.001504891	2.53E-05	0	0.002590674	0	0	0	0	0.001021798	0	0	0.005319149	0.001412429	0.005291005	0	3.43E-05	0.005882353	0	0	0	0	0	0	0.001647446	0	0	0	0	0.003710575	0	0.00155521	0	0	0	0	0.001447178	0.001074114	0	0	0	0	0	0	0	0	0	0	0	2.89E-06
Bacteria	Peptoniphilus harei	0	0	0	0	0	0	0	0	0	0	0	0	0	0	1.69E-05	0	0	2.80E-05	0	0.000426803	0	0	0	0	0	0	0	0	2.75E-05	0	0	0	0	0	0	0	0	0	0	0	0	0	0	0	0	0	0	0	0	0	0	0	0	0	0	0	0	0	9.10E-05	0	0	5.78E-06
Bacteria	Fusobacterium canifelinum	0	0	0	0	0	0	0	0	0	0	0	0	0	0	0	0	0	3.50E-05	0	0	0	0	0	0	0	0	0	0	0.009128939	0	0	0	0.003623188	0	0	0	0	0	0	0	0	0	0	0	0	0	0	0	0	0	0	0	0	0	0	0	0	0	0	0	0	0
Bacteria	Lachnoanaerobaculum umeaense	0	0.000485201	0	0.00044539	0	0	0	0	0	0	0	0	0	0	0.000109668	0	0	0.000286946	0	0.000853606	0	0.000681199	0	0	0	0	0	0	0.000130512	0	0	0	0	0	0	0	0	0	0	0	0	0	0	0.00155521	0	0	0	0	0	0	0	0	0	0	0	0	0.000180603	0	0.000363901	0	0	0.000132937
Bacteria	Phascolarctobacterium sp. Marseille-Q4147	0	9.70E-05	0	0.013262731	0	0	0	0	0	0	0	0	0.012138728	0	5.06E-05	0	0	0.002827468	0	0	0.000105075	0	0	0	0	0	0	0	3.78E-05	0	0	0	0	0	0	0.001956947	0	0	0.003571429	0	0	0	0	0	0	0	0	0	0	0	0	0	0	0	0	0	0.000120402	0	0	0.000539957	0	4.19E-05
Bacteria	Bifidobacterium catenulatum	0	9.70E-05	0	0	0	0	0	0	0	0	0	0	0	0	3.37E-05	0	0	0	0	0	0	0.000340599	0	0	0	0	0	0	1.03E-05	0	0	0	0	0	0	0	0	0	0	0	0	0	0	0	0.000740466	0	0	0	0	0	0	0	0	0	0	0	0.000421408	0	0	0	0	3.61E-05
Bacteria	Acinetobacter venetianus	0	0	3.32E-05	0	0.001996008	0	0	0	0	0	0	0	0	0.000752445	0	0	0.005181347	0	0	0	0	0	0	0	0	0	0.007936508	0	0	0	0.000483559	0	0	0	0	0.001956947	0.001647446	0.003838772	0	0	0	0	5.52E-05	0	0	0.000558659	0.000596303	0.001469508	0.004341534	0	0	0	0	0	0.00625	0	0.000120402	0	0	0	0	2.89E-06
Bacteria	Streptococcus cristatus	0.003745318	0	0	0.000247439	0	0	0	0	0	0	0	0	0	0	8.44E-06	0	0	1.40E-05	0	0	0.00021015	0.000340599	0	0	0	0	0	0	7.56E-05	0	0.000967118	0	0	0	0.006550218	0	0	0	0	0	0	0	0	0	0.000370233	0	0.002385212	0.002204262	0	0	0.006578947	0	0	0	0	0	6.02E-05	0	0	0	0	7.80E-05
Bacteria	Nocardioides sp. S5	0	0	0	0	0.001996008	0	0	0	0	0	0	0	0.000578035	0	0	0	0	0	0	0	0	0	0	0	0	0	0	0	0	0	0.025145068	0	0	0	0	0	0	0	0	0	0	0	0	0	0	0	0.000596303	0	0	0	0.006578947	0	0	0	0	0.002631579	6.02E-05	0	0	0	0	1.01E-05
Bacteria	Acinetobacter sp. 10FS3-1	0	0	0	0	0	0	0	0	0	0	0	0	0	0	0	0	0.002590674	1.40E-05	0	0	0	0.001021798	0	0	0.005319149	0.000706215	0	0	3.43E-06	0	0.000967118	0	0	0	0.001091703	0	0.003294893	0	0	0	0	0.001855288	0.000110308	0	0	0	0.001788909	0	0.001447178	0.003222342	0.013157895	0	0	0	0	0	0	0	0	0	0	0
Bacteria	Acinetobacter lanii	0	0	0	0	0.001996008	0	0.000788644	0	0	0	0	0	0	0.002257336	8.44E-06	0	0	1.40E-05	0	0	0	0.001021798	0.00297619	0	0	0	0	0.006060606	3.43E-06	0	0.000483559	0.000366032	0.003623188	0	0	0	0.001647446	0	0	0	0	0	0.000110308	0	0	0.000558659	0	0	0.004341534	0.001074114	0.006578947	0	0	0	0	0.002631579	6.02E-05	0	0	0	0	0
Bacteria	Pusillibacter faecalis	0	0.000291121	0	0.000247439	0	0	0	0	0	0	0.00070028	0	0.000578035	0	0.000674878	0	0	0.001140786	0	0.004268032	0.000315225	0	0	0	0	0	0	0	0.000312541	0	0	0	0	0	0	0	0	0	0	0	0	0	0	0	0.000740466	0.000558659	0	0.000734754	0	0	0	0	0	0	0	0	0.000481609	0.012903226	0.000363901	0	0	0.000216745
Bacteria	Streptococcus thermophilus	0	0.000291121	0	0.000197951	0	0	0	0	0	0	0	0	0.000578035	0	0.000101232	0	0	1.40E-05	0	0.000426803	0	0.000340599	0	0	0	0	0	0	0.000394969	0	0	0	0	0	0	0	0	0	0	0	0	0	0	0	0	0	0	0.004408523	0	0	0	0	0	0	0	0	6.02E-05	0	0	0	0	5.78E-05
Bacteria	Streptococcus ilei	0	0	0.000132776	0.000692829	0	0	0	0	0	0.008163265	0	0	0	0	9.28E-05	0	0	0	0	0	0	0.000340599	0	0	0	0	0	0	1.37E-05	0	0	0.002196193	0	0	0.003275109	0.005870841	0.003294893	0.003838772	0	0	0	0	0	0	0.000370233	0	0.002981515	0	0	0	0	0	0	0	0	0	0	0	9.10E-05	0	0	6.36E-05
Bacteria	Acinetobacter soli	0	0	9.96E-05	4.95E-05	0	0	0	0.002444988	0	0.004081633	0	0.000823723	0	0.001504891	1.69E-05	0	0	7.00E-06	0	0.000426803	0.000105075	0.000340599	0	0	0	0.000706215	0	0	6.87E-06	0	0.000967118	0.001098097	0.003623188	0	0	0	0	0	0	0	0	0	5.52E-05	0	0	0.001117318	0	0	0.002894356	0.007518797	0	0.003773585	0	0	0	0.002631579	0	0	0	0	0	0
Bacteria	Streptococcus australis	0	0	0	0.000494878	0	0	0	0	0	0	0.00070028	0	0	0	3.37E-05	0	0	0	0	0	0	0.000340599	0	0	0	0	0	0	3.78E-05	0	0	0	0	0	0.002183406	0.001956947	0	0.001919386	0	0	0	0	0	0.00155521	0.000370233	0	0.002385212	0.002939015	0	0	0	0	0	0	0	0	0	0	0	0	0	3.18E-05
Bacteria	Acinetobacter defluvii	0	0	3.32E-05	0.000148463	0	0	0	0	0	0	0	0	0	0.002257336	0	0.002272727	0.002590674	0	0	0	0	0	0	0	0	0	0	0.006060606	2.06E-05	0	0	0	0	0	0.001091703	0.003913894	0	0	0	0	0.004098361	0.001855288	0.000110308	0	0	0.001117318	0	0	0.001447178	0	0	0	0	0.003649635	0	0.002631579	6.02E-05	0	9.10E-05	0.000539957	0	8.67E-06
Bacteria	Acinetobacter nosocomialis	0	0	0	9.90E-05	0.001996008	0	0	0	0	0	0	0.000823723	0	0	8.44E-06	0	0	7.00E-06	0	0	0	0.000340599	0.00297619	0	0	0.002118644	0.002645503	0	0	0	0.000483559	0.000366032	0.003623188	0	0	0.003913894	0.001647446	0	0	0	0	0.001855288	0	0	0.000370233	0	0.001788909	0	0	0	0	0	0.00867052	0	0	0	0	0	0	0	0	0
Bacteria	Prevotella sp. oral taxon 299	0	0	0	9.90E-05	0	0	0	0	0	0	0	0	0	0	2.53E-05	0	0	0	0	0	0	0.000340599	0	0	0	0	0	0	8.93E-05	0	0	0	0	0	0.001091703	0	0	0	0	0	0	0	0	0	0	0	0	0	0	0	0	0	0	0	0	0	0	0	9.10E-05	0	0	0
Bacteria	Eggerthella guodeyinii	0	9.70E-05	0	9.90E-05	0	0	0	0	0	0	0	0	0	0	0.000151847	0	0	0.000293945	0	0	0.002416728	0	0	0	0	0	0	0	1.37E-05	0	0	0	0	0	0	0	0	0	0	0	0	0	0	0	0	0	0	0	0	0	0	0	0	0	0	0	0.000301005	0	0	0	0	3.76E-05
Bacteria	Treponema denticola	0	0	0	4.95E-05	0	0	0	0	0	0	0	0	0	0	0	0	0	7.00E-06	0	0	0	0	0	0	0	0	0	0	6.53E-05	0	0	0	0	0	0	0	0	0	0	0	0	0	0	0	0	0	0.000596303	0	0	0	0	0	0	0	0	0	0	0	0	0	0	4.33E-06
Bacteria	Cloacibacillus porcorum	0	0.000194081	0	0	0	0	0	0	0	0	0	0	0	0	1.69E-05	0	0	0.00010498	0	0	0	0	0	0	0	0	0	0	0	0	0	0	0	0	0	0	0	0	0	0	0	0	0	0	0	0.004469274	0	0.000734754	0	0	0	0	0	0	0	0	0.026548673	0	0	0	0	2.89E-06
Bacteria	Romboutsia hominis	0	9.70E-05	0	0	0	0	0	0	0	0	0	0	0	0	3.37E-05	0	0	0.000125976	0	0.000426803	0	0	0	0	0	0	0	0	0.000185464	0	0	0	0	0.028301887	0	0	0	0	0	0	0	0	0	0	0	0	0.000596303	0	0	0	0	0	0	0	0	0	6.02E-05	0	0	0	0	1.01E-05
Bacteria	Acinetobacter sp. SCLZS86	0	0.000194081	0	0.000296927	0	0	0	0.004889976	0	0	0.00070028	0	0	0.001504891	0	0	0	7.00E-06	0.001633987	0	0	0.000340599	0	0	0	0	0.002645503	0	0	0	0.000483559	0	0	0	0	0	0	0	0	0	0	0.001855288	0	0	0.001851166	0	0.000596303	0	0.002894356	0	0	0	0	0	0	0.013157895	6.02E-05	0	0	0	0	0
Bacteria	Megasphaera elsdenii	0	0	0	0.000148463	0	0	0	0	0	0	0	0	0	0	0.000118104	0	0	0.000132975	0	0	0	0	0	0	0	0	0	0	3.43E-06	0	0	0	0	0	0	0.001956947	0.004942339	0	0	0	0	0	0	0	0	0	0	0	0	0	0	0	0	0	0	0	6.02E-05	0	9.10E-05	0	0	7.22E-06
Bacteria	Anaerotruncus colihominis	0	0	0	0.000742317	0	0	0	0	0	0	0	0	0	0	0.000961701	0	0	0.000377929	0	0.001707213	0.00021015	0	0	0	0	0	0	0	0.00053235	0	0	0.000366032	0	0	0.001091703	0	0	0	0	0	0	0	0	0	0	0.001117318	0.000596303	0.000734754	0	0	0	0	0	0	0	0	0.000963217	0	0.000181951	0	0	0.000180621
Bacteria	Bacteroides helcogenes	0	0.000776322	0	0.000395902	0	0	0.001577287	0	0	0	0	0	0.002890173	0	2.53E-05	0	0	7.70E-05	0	0	0	0	0	0	0	0	0	0	6.18E-05	0	0	0.000732064	0	0	0	0	0	0	0	0	0	0	0	0	0	0	0.001788909	0	0	0	0	0	0	0	0	0	0.000481609	0	0.000272926	0	0.000381388	4.77E-05
Bacteria	Leptotrichia hofstadii	0	9.70E-05	0	0	0	0	0	0	0	0	0	0	0	0	8.44E-06	0	0.002590674	7.00E-06	0	0	0.00021015	0	0.00297619	0	0	0	0	0	6.87E-06	0	0	0	0	0	0	0.001956947	0	0	0	0	0	0	0	0	0	0	0.001192606	0	0	0	0	0	0	0	0	0	0	0	0	0	0	2.89E-06
Bacteria	Selenomonas sputigena	0	9.70E-05	0	4.95E-05	0	0	0	0	0	0	0	0	0	0	1.69E-05	0	0	2.80E-05	0	0	0	0	0	0	0	0	0	0	3.43E-06	0	0	0	0	0	0	0	0	0	0	0	0	0	0	0	0	0	0	0.000734754	0	0	0	0	0	0	0	0	0	0	0	0	0	4.33E-06
Bacteria	Clostridium sp. C1	0	0	0	0	0	0	0	0	0	0	0	0	0	0	5.06E-05	0	0	0.00042692	0	0.001707213	0	0	0	0	0	0	0	0	1.37E-05	0	0	0	0	0	0	0	0	0	0	0	0	0	0	0	0	0	0.001192606	0	0	0	0	0	0	0	0	0	0	0	0.000181951	0	0	3.61E-05
Bacteria	Bacteroides sp. CACC 737	0	0.001358564	0	0.000346415	0	0	0.000788644	0	0	0	0	0	0	0	0.000101232	0	0	0.000111979	0	0.000426803	0	0	0	0	0	0	0	0	0.000127077	0	0	0	0	0	0	0	0	0	0	0	0	0	0	0	0	0	0	0	0	0	0	0	0	0	0	0	0.000421408	0	0.000545852	0.001079914	0	0.000274543
Bacteria	Prevotella sp. oral taxon 475	0	0	0	0.000197951	0.001996008	0	0	0	0	0	0	0	0	0	1.69E-05	0	0	1.40E-05	0	0	0	0	0	0	0	0	0	0	0.000954795	0	0	0	0	0	0	0	0	0	0	0	0	0	0	0	0	0	0.000596303	0	0	0	0	0	0	0	0	0	0	0	0	0	0	2.89E-06
Bacteria	Enterobacter hormaechei	0	0	0	0	0	0	0	0	0	0	0	0	0	0	5.91E-05	0	0	0	0	0	0	0.000340599	0	0	0	0	0	0	6.87E-06	0	0	0	0	0	0	0	0	0	0	0	0	0	0	0	0	0	0	0	0	0	0	0	0	0	0	0	0.000361206	0	0	0	0	8.67E-06
Bacteria	Actinomyces sp. oral taxon 169	0	0	0	0	0	0	0	0	0	0	0	0	0	0	0	0	0.015544041	0	0	0	0	0	0	0	0	0	0	0	0	0	0	0	0	0	0	0	0	0	0	0	0	0.011131725	0	0	0	0	0	0	0	0	0	0	0	0	0	0	0	0	0	0	0	5.78E-06
Bacteria	Lancefieldella parvula	0	9.70E-05	9.96E-05	9.90E-05	0	0	0	0	0	0.004081633	0	0	0.000578035	0	1.69E-05	0	0	2.10E-05	0	0	0.000105075	0	0	0	0	0	0	0	6.87E-06	0	0	0	0	0	0	0	0	0	0	0	0	0	0	0	0.001851166	0	0	0.002939015	0	0	0	0	0	0	0.009375	0	0	0	0	0	0	7.37E-05
Bacteria	Acidaminococcus intestini	0	0	0	0	0	0	0	0	0	0	0	0	0	0	7.59E-05	0	0	1.40E-05	0	0	0.00021015	0	0	0	0	0	0	0	1.37E-05	0	0	0	0	0	0	0	0	0	0	0	0	0	0	0	0	0	0	0	0	0	0	0	0	0	0	0	0	0	0	0	0	1.01E-05
Bacteria	Streptococcus mutans	0	0	0	0	0	0	0	0	0	0	0	0	0	0	0	0	0	0	0	0	0	0	0	0	0	0	0	0	0.000498005	0	0	0	0	0	0	0	0	0	0	0	0	0	0	0	0	0	0	0	0	0	0	0	0	0	0	0	0	0	0.000181951	0	0	1.44E-06
Bacteria	Leptotrichia wadei	0	0	0	0	0	0	0	0	0	0	0	0	0	0	1.69E-05	0	0	1.40E-05	0	0	0	0	0	0	0	0	0	0	0.000195767	0	0	0	0	0	0	0	0	0	0	0	0	0	0	0	0	0	0	0.000734754	0	0	0	0	0	0	0	0	0	0	0	0	0	5.78E-06
Bacteria	Fretibacterium fastidiosum	0	9.70E-05	0	0	0	0	0	0	0	0	0	0	0	0	5.06E-05	0	0	3.50E-05	0	0	0	0.001021798	0	0	0	0	0	0	0	0	0	0	0	0	0	0	0	0	0	0	0	0	0	0	0	0	0	0	0	0	0	0	0	0	0	0	0.000120402	0	0	0	0	5.78E-06
Fungi	Thermothelomyces thermophilus	0	0	0	0	0	0	0	0	0	0	0	0	0	0	1.69E-05	0	0	7.00E-06	0	0.000426803	0	0	0	0	0	0	0	0.006060606	6.87E-06	0	0.000483559	0	0	0	0	0	0	0	0	0	0.012295082	0	0	0	0	0	0	0	0	0	0	0	0	0	0	0.002631579	0	0	0	0	0	2.89E-06
Bacteria	Fusobacterium sp. NSJ-57	0	9.70E-05	0	4.95E-05	0	0	0	0	0	0	0	0	0	0	8.44E-06	0	0	0	0	0	0	0	0	0	0	0	0	0	0.000295368	0	0	0	0	0	0	0	0	0	0	0	0	0	0	0	0	0	0.000596303	0	0	0	0	0	0	0	0.01875	0	0	0	0	0	0	0
Bacteria	Streptococcus pyogenes	0	0.000194081	0	0	0	0	0	0	0	0	0	0	0	0	1.69E-05	0	0	7.00E-06	0	0	0	0	0	0	0	0	0	0	0.000278196	0	0	0	0	0	0	0	0	0	0	0	0	0	0	0	0	0	0	0	0	0	0	0	0	0	0	0	0	0	0	0	0	2.89E-06
Bacteria	Streptococcus rubneri	0	9.70E-05	6.64E-05	0.000692829	0.001996008	0	0	0	0	0	0	0	0	0.000752445	9.28E-05	0	0	0	0	0	0.000105075	0	0	0	0	0	0	0	6.87E-06	0	0	0.001098097	0	0	0	0.005870841	0	0	0	0	0	0	0	0	0	0	0.001192606	0.001469508	0	0	0	0.00754717	0	0	0	0	0	0	0	0	0	2.75E-05
Bacteria	Clostridium septicum	0	9.70E-05	0	4.95E-05	0	0	0	0	0	0	0	0	0.000578035	0	3.37E-05	0	0	7.00E-06	0	0	0	0.000681199	0	0	0	0	0	0	6.87E-06	0	0	0	0	0	0	0	0	0	0	0	0	0	0	0	0	0	0	0	0	0	0	0.003773585	0	0	0.00625	0.007894737	0	0	0	0	0	8.67E-06
Bacteria	Limosilactobacillus pontis	0	0	0	0	0	0	0	0	0	0	0	0	0	0	0	0	0	1.40E-05	0	0	0	0	0	0	0	0	0	0	3.43E-06	0	0	0	0	0	0	0	0	0	0	0	0	0	0	0	0	0	0	0	0.020260492	0	0	0	0	0	0	0	0	0	0	0	0	0
Bacteria	Vallitalea guaymasensis	0	0	0	0.000148463	0	0	0	0.004889976	0	0	0	0	0	0	6.75E-05	0.002272727	0	4.90E-05	0	0	0.000105075	0	0	0.011904762	0	0	0	0	4.46E-05	0	0	0	0	0	0	0	0	0	0.001785714	0	0	0	0	0	0	0	0	0	0	0	0	0	0	0	0	0	0	0	0	0	0	1.59E-05
Bacteria	Treponema socranskii	0	0	0	0	0	0	0	0	0	0	0	0	0	0	0	0	0	4.90E-05	0	0	0	0	0	0	0	0	0	0	0	0	0	0	0	0	0	0	0	0	0	0	0	0	0	0	0	0	0	0	0	0	0	0	0	0	0	0	0	0	0	0	0	0
Bacteria	Acinetobacter sp. C16S1	0	0	0	0	0.001996008	0	0	0	0	0	0	0	0	0	8.44E-06	0	0	0	0	0	0	0	0	0	0	0	0	0	0	0	0	0	0	0	0	0	0.001647446	0	0.001785714	0	0	0	5.52E-05	0	0	0.000558659	0	0.000734754	0.00723589	0.002148228	0	0	0	0.003649635	0	0	6.02E-05	0	0	0.00161987	0	0
Bacteria	Streptococcus equi	0	0	0	0	0	0	0	0	0	0	0	0	0.000578035	0	8.44E-06	0	0	0	0	0	0	0	0	0	0	0	0	0	0.000216374	0	0	0	0	0	0	0	0	0	0	0	0	0	0	0	0	0	0	0	0	0	0	0	0	0	0	0	0	0	0	0	0	7.22E-06
Bacteria	Prevotella dentalis	0	0	6.64E-05	0.000148463	0.013972056	0	0	0	0	0	0	0.000823723	0	0	0.000210899	0	0	0	0	0	0	0	0	0	0	0	0	0	0.000896408	0	0	0.000366032	0	0	0	0	0	0	0.001785714	0	0	0	0	0	0	0	0	0	0	0	0	0	0	0	0	0	6.02E-05	0	0	0	0	1.01E-05
Bacteria	Streptococcus sp. NPS 308	0	0	0	0	0	0	0	0	0	0	0	0	0	0	0	0	0	0	0	0	0	0.000340599	0	0	0	0	0	0	0	0	0	0	0	0	0.003275109	0	0	0	0	0	0	0	0	0	0.000370233	0	0.000596303	0	0	0	0	0	0	0	0	0	0	0	0	0	0	7.22E-06
Bacteria	Lautropia mirabilis	0	0	0	0	0	0	0	0	0	0	0	0	0	0	8.44E-06	0	0	0	0	0	0.000105075	0	0	0	0	0.001412429	0	0	1.72E-05	0	0	0	0	0	0.004366812	0	0	0	0	0	0	0.005565863	0	0	0	0	0	0	0	0	0	0	0	0	0	0.005263158	0	0	0	0	0	0
Bacteria	Enterobacter kobei	0	0	0	0	0	0	0	0	0	0	0	0	0	0	0	0	0	0	0	0	0.000105075	0	0	0	0	0	0	0	0	0	0	0	0	0	0	0	0	0	0	0	0	0	0.000110308	0	0	0	0	0	0	0	0	0	0	0	0	0	0	0	0.000181951	0	0	0
Bacteria	Streptococcus sp. KS 6	0	0	0	4.95E-05	0	0	0	0	0	0	0	0	0	0	0	0	0	0	0	0	0.000105075	0.000681199	0	0	0	0	0	0	7.21E-05	0	0	0	0	0	0	0	0	0	0	0	0	0	5.52E-05	0	0	0	0	0.000734754	0	0	0	0	0	0	0	0	0	0	0	0	0	2.89E-06
Bacteria	Actinomyces sp. oral taxon 414	0	0	0	0	0	0	0	0	0	0	0	0	0	0	0	0	0.002590674	8.40E-05	0	0	0	0.000340599	0	0	0	0	0	0	0	0	0	0.000366032	0.007246377	0	0	0	0	0	0	0	0	0.00742115	0	0	0	0	0	0	0	0	0	0	0	0	0	0	6.02E-05	0	0	0	0	2.89E-06
Bacteria	Elizabethkingia sp. JS20170427COW	0	0	0	4.95E-05	0	0	0	0	0	0	0	0	0	0	0	0	0	0	0	0	0	0	0	0	0	0	0	0	2.75E-05	0	0	0	0	0.018867925	0	0	0	0	0	0	0	0	0	0	0	0	0	0	0	0	0	0	0	0	0	0	0	0	0	0	0	0
Bacteria	Clostridium saccharobutylicum	0	0	0	0	0	0	0	0	0	0.008163265	0	0	0.000578035	0	3.37E-05	0	0.005181347	4.90E-05	0	0	0	0.000340599	0	0	0	0	0	0	2.75E-05	0	0	0	0	0	0.001091703	0	0	0	0	0	0	0	5.52E-05	0	0	0	0.000596303	0	0	0	0	0	0	0	0	0	0	0	0	0.000539957	0	1.01E-05
Bacteria	Haemophilus influenzae	0	0.000194081	9.96E-05	0.000197951	0	0.005988024	0	0	0	0	0.00210084	0	0	0	0	0	0	0	0	0	0	0.005790191	0	0	0	0	0	0	1.03E-05	0	0.000483559	0	0	0	0	0	0	0	0	0	0	0	0	0	0	0	0.000596303	0	0	0	0	0	0	0	0	0	0	0	0	0	0	0
Bacteria	Clostridium sporogenes	0	0	0	0	0	0	0	0	0	0	0	0	0	0	0.000227771	0	0	6.30E-05	0	0	0.000315225	0.000681199	0	0	0	0	0	0	0.000127077	0	0	0	0	0	0	0	0	0	0	0	0.004098361	0	0	0.00311042	0	0	0	0	0	0	0.006578947	0	0	0	0	0	0	0	0	0	0	3.47E-05
Bacteria	Megasphaera stantonii	0	0	0	0.000197951	0	0	0	0	0	0	0	0	0	0	3.37E-05	0	0	6.30E-05	0	0	0	0.000681199	0	0	0	0	0	0	2.75E-05	0	0	0	0	0	0	0	0	0	0	0	0	0	0	0	0	0	0	0	0	0	0	0	0	0	0	0	0	0	0	0	0	1.44E-05
Bacteria	Limosilactobacillus mucosae	0	0	0	4.95E-05	0	0	0	0	0	0	0	0	0	0	0	0	0	7.00E-06	0	0.000853606	0	0	0	0	0	0	0	0	0	0	0	0	0	0	0	0	0	0	0	0	0	0	0	0	0	0	0	0	0	0	0	0	0	0	0	0	0	0	0	0	0	4.33E-06
Bacteria	Lachnoclostridium phytofermentans	0	0.000194081	0	0.000346415	0	0	0	0	0	0	0.00210084	0	0	0	5.91E-05	0	0	0.000286946	0	0	0.000315225	0	0	0	0	0	0	0	1.72E-05	0	0	0	0	0	0	0	0	0	0.003571429	0.0041841	0	0	0	0	0	0	0	0	0	0	0	0	0	0	0	0.002631579	6.02E-05	0	0.000272926	0.000539957	0	6.36E-05
Bacteria	Bacillus mycoides	0	0	0	0	0	0	0	0	0	0	0.00140056	0.000823723	0	0	0	0	0	7.00E-06	0	0	0	0	0	0	0	0	0	0	2.06E-05	0.005882353	0	0	0	0	0	0	0	0	0	0	0	0	0	0	0	0	0.000596303	0	0	0	0.006578947	0	0	0	0	0	0	0	9.10E-05	0	0	1.59E-05
Bacteria	Treponema sp. Marseille-Q4132	0	0	0	0	0	0	0	0	0	0	0	0	0	0	0	0	0	1.40E-05	0	0	0	0	0	0	0	0	0	0	0	0	0	0	0	0	0	0	0	0	0	0	0	0	0	0	0	0	0	0	0	0	0	0	0	0	0	0	0	0	0	0	0	0
Bacteria	Streptococcus sp. oral taxon 064	0	0	0	0	0	0	0	0	0	0	0	0	0	0	0	0	0	0	0	0	0	0	0	0	0	0	0	0	6.87E-06	0	0	0	0	0	0	0	0	0	0	0	0	0	0	0	0	0	0	0.000734754	0	0	0	0	0	0	0	0	0	0	0	0	0	0
Bacteria	Aggregatibacter segnis	0	0	0	0	0	0	0	0	0	0	0.00140056	0	0	0	1.69E-05	0	0	0	0	0	0	0.000340599	0	0	0	0.000706215	0	0	3.43E-06	0	0	0	0	0	0	0	0	0	0	0	0	0	0	0	0	0	0	0	0	0	0	0	0	0	0	0	0	0	0	0	0	0
Bacteria	Streptococcus ruminantium	0.014981273	0	0	0	0	0	0	0	0	0	0	0	0	0	8.44E-06	0	0	0	0	0	0	0	0	0	0	0	0	0	6.87E-06	0	0	0	0	0	0	0	0	0	0	0	0	0	0	0	0	0	0	0	0	0	0	0	0	0	0	0	0	0	0	0	0	0
Bacteria	Candidatus Carsonella ruddii	0	0	0	0	0	0	0	0	0	0	0	0	0	0	0	0	0	1.40E-05	0.001633987	0	0	0	0	0.011904762	0	0	0	0	2.40E-05	0	0	0	0	0	0	0	0	0	0	0	0	0	0	0	0	0	0	0	0	0	0	0	0	0	0	0	0	0	0.000272926	0	0	2.89E-06
Bacteria	Campylobacter lari	0	0	0	0	0	0	0	0	0	0.004081633	0	0.000823723	0	0	2.53E-05	0	0	0	0	0	0	0	0	0	0	0	0	0	3.43E-06	0	0	0	0	0.009433962	0	0	0	0	0	0	0	0	0	0	0	0	0	0	0	0	0	0	0	0	0	0	0	0	0	0	0	0
Bacteria	Fusobacterium gastrosuis	0	0	0	0	0	0	0	0	0	0	0	0	0	0	0	0	0	0	0	0	0	0	0	0	0	0	0	0	0.000748724	0	0	0	0	0.009433962	0	0.001956947	0	0	0	0	0	0	0	0	0	0	0.000596303	0	0	0	0	0	0	0	0	0	0	0	0	0	0	0
Bacteria	Clostridium sp. DL-VIII	0	0	0	4.95E-05	0.005988024	0	0	0.002444988	0	0	0	0	0	0	8.44E-06	0	0	2.10E-05	0	0	0	0	0	0	0	0	0	0	3.43E-05	0	0	0	0	0	0	0	0	0	0	0	0	0	0	0	0.000370233	0.000558659	0	0	0.004341534	0	0	0	0	0	0	0	0	0	0.000181951	0	0	8.67E-06
Bacteria	Pseudomonas thivervalensis	0.003745318	0	0	0	0	0	0	0	0	0	0	0	0.000578035	0	0	0	0	0	0.001633987	0.000426803	0	0	0	0	0	0	0	0	3.43E-06	0	0	0	0	0	0	0	0	0	0	0.00209205	0	0	0	0	0	0	0	0	0	0	0	0	0	0	0	0	0.000120402	0.006451613	0	0	0	0
Bacteria	Fusobacterium necrophorum	0	0	0	4.95E-05	0	0	0	0	0	0	0	0	0	0	0	0	0	4.90E-05	0	0	0.000105075	0	0	0	0	0	0	0	0.000408707	0	0	0	0	0	0	0	0	0	0	0	0	0	0	0	0	0	0	0	0	0	0	0	0	0	0	0	0	0	0	0	0	1.01E-05
Archaea	Methanosphaera sp900322125	0	0	0	0	0	0	0	0	0	0	0	0	0	0	0	0	0	0	0	0	0	0	0	0	0	0	0	0	0.001432192	0	0	0	0	0	0	0	0	0	0	0	0	0	0	0	0	0	0	0	0	0	0	0	0	0	0	0	0	0	0	0	0	0
Bacteria	Bacteroides sp. KGMB10229	0	0.000485201	0	0	0	0	0	0	0	0	0	0	0	0	1.69E-05	0	0	7.70E-05	0	0	0	0	0	0	0	0	0	0	0.000127077	0	0	0	0	0	0	0	0	0	0	0	0	0	0	0	0	0	0	0	0	0	0	0	0	0	0	0	0	0	0.000363901	0	0	7.22E-06
Bacteria	Bacteroides coprosuis	0	0.000291121	0	0	0	0	0	0	0	0	0	0	0	0	0	0	0	0	0	0	0	0	0	0	0	0	0	0	0.000123643	0	0	0	0	0	0	0	0	0	0	0	0	0	0	0	0	0	0	0	0	0	0	0	0	0	0	0	0	0.012903226	0.000181951	0	0	1.44E-06
Bacteria	Streptococcus infantarius	0	0	0	0	0	0	0	0	0	0	0	0	0	0	0	0	0	7.00E-06	0	0	0	0	0	0	0	0	0	0	0	0	0	0	0	0	0.001091703	0	0	0	0	0	0	0	0	0	0	0	0	0	0	0	0	0	0	0	0	0	0	0	0	0	0	0
Bacteria	Clostridium formicaceticum	0	0	0	4.95E-05	0	0	0	0	0	0	0	0	0	0	8.44E-06	0	0	2.10E-05	0	0	0	0	0	0.011904762	0	0	0	0	1.03E-05	0	0	0	0	0	0	0	0	0	0	0	0	0	0	0	0	0	0	0	0	0	0	0	0	0	0	0	0	0	0	0	0	7.22E-06
Bacteria	Paucilactobacillus hokkaidonensis	0	0	0	0	0	0	0	0	0	0	0	0	0	0	0	0	0	2.10E-05	0	0	0	0	0	0	0	0	0	0	0	0	0	0	0	0.009433962	0	0	0	0	0	0	0	0	0	0	0	0	0	0	0	0	0	0	0	0	0	0	0	0	0	0	0	2.89E-06
Archaea	Methanobrevibacter_A smithii_A	0.003745318	0.002426007	0	0.001682585	0	0	0	0	0	0	0.00140056	0.000823723	0.002312139	0.003009782	0.001796862	0.004545455	0	0.001735674	0	0.00128041	0.000945676	0.001362398	0	0	0.002659574	0.002118644	0	0	0.00017516	0	0	0	0	0	0.001091703	0	0	0	0	0	0	0	0	0.00155521	0.0011107	0.001675978	0.005366726	0.000734754	0	0.001074114	0	0	0	0	0	0.002631579	0.000421408	0	0.002092431	0.001079914	2.01E-05	0.002129879
Fungi	Fusarium poae	0	0	0	0	0	0	0	0	0	0	0	0.000823723	0	0	0	0	0	2.80E-05	0	0	0	0	0	0	0.002659574	0	0	0	0	0	0	0	0	0.009433962	0	0	0	0	0	0	0	0	0	0	0	0	0	0	0	0	0	0	0	0	0	0	0	0	0	0	0	0
Archaea	Candidatus Methanomethylophilus alvus	0.003745318	0.000485201	0	0.000346415	0	0	0	0.002444988	0	0	0	0	0	0	0.000143412	0	0	0.00026595	0	0	0	0	0	0	0	0.000706215	0	0	2.06E-05	0	0	0.000366032	0	0	0	0	0	0	0	0	0	0	0	0	0	0.001117318	0	0	0	0	0	0	0	0	0	0	6.02E-05	0	0	0	0	6.07E-05
Archaea	Methanobrevibacter sp. AbM4	0	9.70E-05	0	0	0.001996008	0	0	0	0	0	0	0	0	0	8.44E-06	0	0	7.00E-06	0	0	0	0	0	0	0	0	0.007936508	0	0	0	0	0	0	0	0	0	0	0	0	0	0	0	0	0	0	0	0	0	0	0	0	0	0	0	0	0	0	0	0	0	0	0
Archaea	Methanobrevibacter smithii	0	0	0	0	0	0	0	0	0	0	0	0	0	0	0.000421799	0	0	2.10E-05	0	0	0	0	0	0	0	0	0	0	0	0	0	0	0	0	0	0	0	0	0	0	0	0	0	0	0	0	0	0	0	0	0	0	0	0	0	0	0	0	0	0	0	0
Archaea	Methanosphaera stadtmanae	0	0.000291121	0	0.000148463	0	0	0	0	0	0	0	0	0	0	8.44E-05	0	0	6.30E-05	0	0.000426803	0	0	0	0	0	0.001412429	0	0	6.87E-06	0	0	0.000366032	0	0	0	0	0	0	0	0	0	0	0	0	0	0	0.000596303	0	0	0	0	0	0	0	0	0	6.02E-05	0	0	0	0	2.02E-05
Archaea	Methanomassiliicoccaceae archaeon UBA71	0	0	0	9.90E-05	0	0	0	0	0	0	0	0	0	0	0.000227771	0	0	0.000111979	0	0	0	0	0	0	0	0	0	0	1.03E-05	0	0	0	0	0	0	0	0	0	0	0.001046025	0	0	0	0	0	0	0	0	0	0	0	0	0	0	0	0	0.000180603	0	0	0	0	8.96E-05
Viruses	Faecalibacterium virus Lugh	0	0	0	4.95E-05	0	0	0	0	0	0	0	0	0	0	0.000759237	0	0	0.000111979	0	0	0	0	0	0	0	0	0	0	0	0	0	0	0	0	0	0	0	0	0	0	0	0	0	0	0	0	0	0	0	0	0	0	0	0	0	0	0	0	0	0	0	0.000127157
Fungi	Colletotrichum higginsianum	0	9.70E-05	0	0	0	0	0	0	0	0	0	0	0	0	0	0	0	0	0	0	0	0	0	0	0	0	0	0	0	0	0	0	0	0	0	0	0	0	0	0	0	0	0	0	0	0	0	0	0	0	0	0	0	0	0	0.002631579	0	0	0	0	0	1.44E-06
Fungi	Cercospora beticola	0	0	0	0	0	0	0	0	0	0	0	0	0	0	8.44E-06	0	0	0	0	0	0	0	0	0	0	0	0	0	3.43E-06	0	0	0	0	0	0	0	0	0	0	0	0	0	0	0	0	0	0	0	0	0	0	0	0	0	0	0	0	0	0	0	0	0
Bacteria	Bacillus amyloliquefaciens	0	0	0	0	0	0	0	0	0	0	0	0	0	0	0	0	0	0	0	0	0	0	0	0	0	0	0	0	0	0	0	0	0	0	0	0	0	0	0	0	0	0	0	0	0	0	0	0	0	0	0	0	0	0	0	0	0	0	0	0	0	0
Bacteria	Enterobacter cancerogenus	0	0	0	0	0	0	0	0	0	0	0	0	0	0	0	0	0	0	0	0	0	0	0	0	0	0	0	0	0	0	0	0	0	0	0	0	0	0	0	0	0	0	0	0	0	0	0	0	0	0	0	0	0	0	0	0	0	0	0	0	0	0
