SAMPLE	CLUSTER	simpson	
T10	1	0.920569616	1.086283952
T14	1	0.534776032	1.869941695
T22	1	0.848730687	1.17823005
T26	1	0.871659865	1.147236485
P27	1	0.737791247	1.355396942
T27	1	0.830004591	1.204812612
P29	1	0.829596993	1.205404562
T29	1	0.87568154	1.14196766
P2	1	0.884558675	1.130507255
T2	1	0.708006684	1.412416045
P34	1	0.729378802	1.371029701
T34	1	0.04910402	20.36493127
P36	1	0.865472414	1.155438329
T36	1	0.822565715	1.215708341
P38	1	0.117398791	8.517975266
P3	1	0.846464992	1.181383766
P43	1	0.886960823	1.127445512
P44	1	0.800635097	1.249008449
T45	1	0.865225289	1.155768345
P46	1	0.838942432	1.191976901
P4	1	0.940124187	1.063689259
T4	1	0.939830989	1.064021097
P51	1	0.811372703	1.232479224
T51	1	0.911958787	1.09654078
P52	1	0.908590814	1.100605449
P55	1	0.884155015	1.131023387
P64	1	0.8537431	1.171312541
P65	1	0.929893062	1.075392474
T65	1	0.842188064	1.187383249
T73	1	0.91768164	1.089702524
P75	1	0.957895173	1.043955568
T75	1	0.973643389	1.027070087
P7	1	0.910303577	1.098534626
T7	1	0.896604024	1.115319554
P8	1	0.941899899	1.061683945
T8	1	0.818024273	1.222457613
A1	1	0.953527192	1.04873779
A14	1	0.968275027	1.032764424
A15	1	0.975151493	1.025481688
A17	1	0.983387235	1.016893412
A19	1	0.893176982	1.119598937
A22	1	0.969529363	1.031428277
A24	1	0.964320707	1.036999406
A26	1	0.95113634	1.051373981
A3	1	0.976697361	1.023858608
A31	1	0.906964202	1.10257935
A35	1	0.945160472	1.058021394
A37	1	0.820170777	1.219258267
A4	1	0.933673469	1.071038251
A40	1	0.969330014	1.031640397
A43	1	0.964110747	1.037225239
A44	1	0.980348944	1.020044961
A46	1	0.934948097	1.06957809
A49	1	0.989878465	1.010225028
A5	1	0.832035964	1.201871124
A52	1	0.963531821	1.037848443
A53	1	0.935920256	1.068467098
A54	1	0.958517667	1.043277588
A55	1	0.9547298	1.047416767
A56	1	0.904673374	1.105371318
A57	1	0.92554183	1.080448195
A61	1	0.960529337	1.041092616
A64	1	0.949543134	1.053138046
A65	1	0.919554869	1.087482688
A67	1	0.746399193	1.33976565
A72	1	0.973604467	1.027111146
A73	1	0.986137668	1.014057197
A75	1	0.959150216	1.042589559
A76	1	0.9595741	1.042129003
A78	1	0.971135635	1.029722279
A79	1	0.976928731	1.023616123
A8	1	0.941898876	1.061685098
A81	1	0.97859375	1.021874501
A82	1	0.984487535	1.015756894
A84	1	0.923454735	1.082890111
A9	1	0.9379936	1.066105355
A91	1	0.519417193	1.925234691
P13	2	0.925217625	1.080826795
T13	2	0.922560632	1.083939597
P14	2	0.643818009	1.553233968
P15	2	0.842902563	1.186376747
T15	2	0.810725699	1.233462811
T16	2	0.737785776	1.355406993
P21	2	0.921384171	1.085323616
T21	2	0.928938237	1.076497834
P22	2	0.708506096	1.41142046
P23	2	0.951191	1.051313564
T23	2	0.954208039	1.047989495
P26	2	0.911971286	1.096525752
P28	2	0.929174832	1.076223727
T28	2	0.931577479	1.07344802
T30	2	0.955931303	1.046100276
T32	2	0.90142821	1.109350683
P37	2	0.885017052	1.129921731
T37	2	0.95170007	1.050751209
T38	2	0.954363318	1.047818982
P39	2	0.893992334	1.118577825
T39	2	0.908867811	1.100270015
T3	2	0.805055293	1.242150705
P42	2	0.651337576	1.535302179
T42	2	0.615021652	1.625959017
T43	2	0.895867852	1.116236059
P48	2	0.881572126	1.134337135
T48	2	0.886711559	1.12776245
P50	2	0.927526909	1.078135837
T50	2	0.887880883	1.126277206
T52	2	0.944864242	1.0583531
T53	2	0.854626604	1.17010165
T55	2	0.96073848	1.04086598
P57	2	0.926462728	1.079374237
P59	2	0.950041626	1.052585458
P60	2	0.938195642	1.065875767
T64	2	0.785855375	1.272498773
P66	2	0.930067835	1.075190391
P67	2	0.952811248	1.049525814
P69	2	0.942265353	1.061272174
P6	2	0.872768485	1.145779227
P70	2	0.899012316	1.112331813
T70	2	0.895343419	1.116889876
T71	2	0.851663814	1.174172231
P72	2	0.896918051	1.11492906
T72	2	0.889873383	1.123755378
P73	2	0.911889441	1.096624168
P74	2	0.858226778	1.165193193
T74	2	0.916237378	1.09142022
T76	2	0.951137539	1.051372655
T9	2	0.858488834	1.164837516
A10	2	0.926938563	1.07882015
A12	2	0.945270834	1.057897868
A16	2	0.941096787	1.062589963
A23	2	0.736550503	1.357680154
A25	2	0.936814461	1.067447229
A29	2	0.959442149	1.042272326
A32	2	0.948830426	1.053929103
A42	2	0.784427966	1.274814315
A62	2	0.860425675	1.162215434
A68	2	0.94169546	1.061914433
A69	2	0.942792672	1.060678588
A7	2	0.959370685	1.042349965
A86	2	0.939480797	1.064417711
P11	3	0.824916796	1.21224347
T11	3	0.914400968	1.09361214
P12	3	0.927277371	1.078425972
T12	3	0.937131701	1.067085874
P16	3	0.942083884	1.061476602
P30	3	0.760234291	1.31538397
P32	3	0.876603976	1.140765987
P33	3	0.744816235	1.342613055
T33	3	0.800481896	1.249247491
P35	3	0.834956364	1.197667379
T35	3	0.680769442	1.468926097
P45	3	0.78785371	1.26927117
T46	3	0.840510326	1.189753378
P53	3	0.891365588	1.121874137
T57	3	0.935420899	1.069037479
P58	3	0.899940318	1.111184797
T58	3	0.766922898	1.303912039
T59	3	0.809957595	1.234632537
T60	3	0.889256475	1.124534966
P62	3	0.760009442	1.315773126
T62	3	0.902934025	1.107500629
P63	3	0.929419428	1.075940495
T63	3	0.678683141	1.47344164
T66	3	0.832693225	1.200922465
T67	3	0.965824098	1.035385224
P71	3	0.860957278	1.161497818
P76	3	0.935429594	1.069027542
A28	3	0.71430642	1.399959419
A30	3	0.924251377	1.081956733
A33	3	0.699358461	1.429881893
A45	3	0.905234215	1.104686482
A83	3	0.932832699	1.072003587
A92	3	0.690293694	1.448658749
T44	4	0.464615208	2.1523187
P47	4	0.1781372	5.613650614
T47	4	0.399188971	2.505079229
P5	4	0.82357214	1.214222715
T5	4	0.696720168	1.435296474
P68	4	0.364266701	2.74524132
T68	4	0.323965062	3.086752608
T6	4	0.169542184	5.898237112
P9	4	0.579076889	1.726886393
A11	4	0.196856698	5.079837318
A66	4	0.157930705	6.331890924
